rotacaohoraria;1
0.0;0.0;0.0;0.0;0.0;1.0;1.0;1.0;1.0;1.0;0.0;0.0;0.0;1.0;1.0;2.0;1.0;1.0;1.0;0.0;4.0;1.0;1.0;2.0;3.0;4.0;4.0;4.0;4.0;4.0;3.0;3.0;2.0;2.0;2.0;2.0;2.0;1.0;1.0;1.0;2.0;3.0;5.0;5.0;4.0;2.0;1.0;0.0;0.0;0.0;-1.0;-1.0;-1.0;0.0;0.0;0.0;-1.0;-1.0;-2.0;-2.0;-2.0;-1.0;0.0;0.0;0.0;0.0;0.0;0.0;0.0;0.0;0.0;0.0;0.0;0.0;0.0;0.0;0.0;0.0;
8.0;8.0;7.0;5.0;3.0;-8.0;-10.0;-14.0;-20.0;-28.0;-34.0;-39.0;-41.0;-40.0;-41.0;-46.0;-51.0;-54.0;-53.0;-48.0;-38.0;-43.0;-43.0;-41.0;-39.0;-38.0;-39.0;-40.0;-42.0;-43.0;-43.0;-43.0;-43.0;-42.0;-43.0;-37.0;-36.0;-36.0;-37.0;-37.0;-38.0;-34.0;-25.0;-17.0;-11.0;-3.0;3.0;10.0;17.0;22.0;9.0;6.0;5.0;7.0;10.0;13.0;15.0;16.0;14.0;11.0;7.0;5.0;5.0;7.0;11.0;7.0;4.0;2.0;2.0;4.0;7.0;9.0;12.0;13.0;13.0;12.0;9.0;5.0;
30.0;31.0;30.0;30.0;28.0;13.0;7.0;1.0;-1.0;-1.0;-3.0;-5.0;-1.0;-3.0;-3.0;-1.0;0.0;1.0;3.0;4.0;0.0;0.0;0.0;-2.0;-3.0;-3.0;-3.0;-3.0;-1.0;-2.0;-3.0;-2.0;-4.0;-3.0;-1.0;4.0;3.0;6.0;7.0;10.0;12.0;12.0;10.0;8.0;11.0;14.0;15.0;17.0;19.0;21.0;29.0;29.0;29.0;28.0;27.0;27.0;26.0;27.0;27.0;28.0;28.0;29.0;29.0;29.0;29.0;30.0;30.0;30.0;30.0;30.0;30.0;31.0;31.0;30.0;30.0;30.0;30.0;30.0;
-57.0;-65.0;-65.0;-65.0;-65.0;-65.0;-65.0;-65.0;-65.0;-65.0;-65.0;-65.0;-65.0;-65.0;-65.0;-65.0;-65.0;-49.0;-31.0;-14.0;-21.0;-15.0;-10.0;-5.0;-2.0;0.0;3.0;8.0;14.0;20.0;27.0;34.0;41.0;48.0;55.0;65.0;65.0;65.0;65.0;65.0;65.0;65.0;65.0;65.0;65.0;65.0;65.0;65.0;65.0;65.0;17.0;17.0;16.0;16.0;15.0;12.0;7.0;2.0;-1.0;-2.0;0.0;2.0;5.0;7.0;7.0;-12.0;-9.0;-5.0;0.0;2.0;3.0;3.0;0.0;-3.0;-7.0;-10.0;-11.0;-10.0;
4.0;4.0;5.0;6.0;7.0;9.0;8.0;6.0;3.0;0.0;-1.0;-1.0;-2.0;-2.0;-3.0;-3.0;-3.0;-1.0;0.0;3.0;0.0;0.0;1.0;2.0;2.0;2.0;2.0;2.0;3.0;3.0;4.0;4.0;3.0;3.0;2.0;1.0;0.0;-1.0;-2.0;-3.0;-3.0;-3.0;-3.0;-4.0;-5.0;-5.0;-4.0;-4.0;-3.0;-2.0;0.0;0.0;0.0;0.0;0.0;0.0;0.0;0.0;0.0;0.0;0.0;-1.0;-1.0;-1.0;-1.0;0.0;0.0;0.0;-1.0;-1.0;-1.0;-1.0;-1.0;0.0;0.0;0.0;0.0;0.0;
-5.0;-6.0;-7.0;-8.0;-9.0;-20.0;-21.0;-21.0;-21.0;-21.0;-21.0;-19.0;-17.0;-15.0;-14.0;-14.0;-13.0;-11.0;-8.0;-5.0;-7.0;-6.0;-4.0;-3.0;-2.0;-2.0;-1.0;-1.0;0.0;0.0;1.0;3.0;4.0;6.0;8.0;19.0;20.0;21.0;23.0;26.0;28.0;30.0;29.0;27.0;24.0;23.0;21.0;18.0;14.0;10.0;2.0;2.0;3.0;3.0;3.0;2.0;2.0;1.0;0.0;0.0;0.0;0.0;0.0;0.0;0.0;-1.0;-1.0;0.0;0.0;0.0;0.0;0.0;0.0;0.0;0.0;-1.0;-1.0;0.0;
rotacaoantihoraria;2
7.0;5.0;4.0;3.0;2.0;3.0;4.0;5.0;2.0;2.0;2.0;3.0;4.0;5.0;7.0;7.0;7.0;7.0;6.0;6.0;6.0;6.0;6.0;6.0;5.0;5.0;5.0;5.0;5.0;5.0;5.0;4.0;3.0;2.0;2.0;2.0;3.0;2.0;0.0;0.0;0.0;-1.0;-1.0;0.0;0.0;0.0;1.0;1.0;1.0;1.0;0.0;0.0;0.0;0.0;0.0;0.0;0.0;0.0;0.0;0.0;0.0;0.0;0.0;0.0;0.0;0.0;0.0;0.0;
38.0;43.0;44.0;41.0;35.0;29.0;25.0;26.0;38.0;35.0;32.0;34.0;37.0;40.0;40.0;38.0;35.0;31.0;29.0;31.0;35.0;39.0;40.0;43.0;45.0;45.0;43.0;39.0;35.0;31.0;28.0;27.0;27.0;25.0;21.0;16.0;9.0;4.0;-7.0;-12.0;-19.0;-26.0;-32.0;-31.0;-24.0;-15.0;-7.0;-1.0;0.0;-1.0;-4.0;-9.0;-12.0;-8.0;-6.0;-5.0;-3.0;-2.0;-2.0;-3.0;-5.0;-6.0;-7.0;-7.0;-6.0;-4.0;-3.0;-2.0;
12.0;14.0;12.0;9.0;6.0;3.0;0.0;0.0;-1.0;-2.0;-2.0;0.0;1.0;4.0;4.0;3.0;2.0;0.0;0.0;1.0;2.0;4.0;5.0;7.0;8.0;9.0;9.0;10.0;11.0;12.0;12.0;13.0;15.0;16.0;16.0;18.0;20.0;22.0;22.0;23.0;24.0;28.0;31.0;31.0;30.0;30.0;29.0;30.0;30.0;30.0;30.0;30.0;30.0;32.0;32.0;32.0;31.0;31.0;31.0;31.0;31.0;30.0;30.0;29.0;29.0;28.0;29.0;29.0;
65.0;65.0;65.0;64.0;52.0;45.0;43.0;43.0;19.0;14.0;12.0;12.0;10.0;6.0;1.0;-3.0;-7.0;-8.0;-8.0;-7.0;-7.0;-9.0;-15.0;-50.0;-65.0;-65.0;-65.0;-65.0;-65.0;-65.0;-65.0;-65.0;-65.0;-65.0;-65.0;-65.0;-65.0;-65.0;-65.0;-65.0;-65.0;-47.0;-28.0;-10.0;2.0;11.0;14.0;12.0;5.0;-2.0;-6.0;-8.0;-6.0;17.0;17.0;17.0;15.0;12.0;9.0;7.0;6.0;6.0;6.0;7.0;7.0;7.0;5.0;3.0;
-8.0;-4.0;0.0;2.0;5.0;6.0;6.0;4.0;2.0;0.0;-1.0;-3.0;-3.0;-3.0;-2.0;0.0;0.0;0.0;-1.0;-2.0;-2.0;-1.0;0.0;5.0;6.0;8.0;10.0;11.0;12.0;13.0;13.0;13.0;14.0;14.0;13.0;13.0;12.0;12.0;7.0;5.0;3.0;2.0;1.0;1.0;1.0;0.0;0.0;0.0;0.0;0.0;0.0;0.0;0.0;0.0;0.0;0.0;0.0;0.0;0.0;0.0;0.0;0.0;0.0;0.0;0.0;0.0;0.0;0.0;
14.0;14.0;13.0;12.0;12.0;12.0;13.0;14.0;11.0;9.0;8.0;8.0;6.0;4.0;2.0;1.0;0.0;0.0;0.0;1.0;1.0;0.0;-1.0;-5.0;-7.0;-9.0;-10.0;-12.0;-13.0;-13.0;-12.0;-13.0;-14.0;-15.0;-16.0;-15.0;-14.0;-13.0;-10.0;-9.0;-8.0;-7.0;-7.0;-5.0;-4.0;-2.0;-2.0;-2.0;-2.0;-2.0;-1.0;0.0;0.0;0.0;0.0;0.0;0.0;1.0;1.0;0.0;0.0;0.0;0.0;0.0;0.0;0.0;0.0;0.0;
girasobe;3
3.0;3.0;3.0;4.0;3.0;4.0;4.0;6.0;7.0;8.0;9.0;9.0;8.0;7.0;6.0;5.0;5.0;5.0;6.0;6.0;7.0;8.0;8.0;8.0;8.0;8.0;8.0;8.0;8.0;8.0;8.0;9.0;8.0;8.0;8.0;8.0;7.0;7.0;7.0;7.0;6.0;6.0;5.0;5.0;4.0;3.0;1.0;0.0;0.0;-7.0;-9.0;-11.0;-11.0;-12.0;-12.0;-11.0;-11.0;-13.0;-15.0;-16.0;-17.0;-17.0;-17.0;-16.0;-23.0;-23.0;-22.0;-22.0;-23.0;-24.0;-26.0;-26.0;-26.0;-26.0;-26.0;-28.0;-28.0;-27.0;-26.0;-29.0;-28.0;-28.0;-27.0;-27.0;-28.0;-27.0;-27.0;-28.0;-29.0;-29.0;-29.0;-29.0;-29.0;-29.0;-31.0;-30.0;-30.0;-30.0;-30.0;-30.0;-30.0;-31.0;-30.0;-30.0;-30.0;
8.0;8.0;8.0;8.0;0.0;-4.0;-6.0;-9.0;-11.0;-13.0;-16.0;-19.0;-23.0;-27.0;-31.0;-36.0;-40.0;-44.0;-46.0;-41.0;-41.0;-40.0;-38.0;-36.0;-34.0;-34.0;-34.0;-34.0;-35.0;-35.0;-36.0;-37.0;-37.0;-37.0;-35.0;-35.0;-35.0;-34.0;-32.0;-30.0;-30.0;-29.0;-30.0;-31.0;-31.0;-30.0;-30.0;-29.0;-27.0;-19.0;-19.0;-19.0;-18.0;-16.0;-13.0;-10.0;-9.0;-9.0;-10.0;-9.0;-9.0;-8.0;-7.0;-6.0;0.0;-1.0;-2.0;-2.0;-1.0;0.0;0.0;2.0;5.0;6.0;9.0;10.0;10.0;8.0;5.0;8.0;9.0;9.0;8.0;5.0;3.0;2.0;1.0;2.0;2.0;2.0;1.0;1.0;0.0;0.0;-1.0;-1.0;-1.0;0.0;0.0;0.0;0.0;0.0;0.0;-1.0;-1.0;
30.0;30.0;29.0;28.0;21.0;21.0;18.0;13.0;10.0;5.0;0.0;-2.0;-5.0;-7.0;-11.0;-12.0;-11.0;-10.0;-11.0;-19.0;-18.0;-17.0;-18.0;-19.0;-20.0;-21.0;-23.0;-24.0;-24.0;-23.0;-24.0;-24.0;-26.0;-27.0;-32.0;-31.0;-30.0;-29.0;-30.0;-31.0;-33.0;-34.0;-34.0;-33.0;-33.0;-31.0;-30.0;-31.0;-30.0;-25.0;-23.0;-19.0;-17.0;-18.0;-16.0;-16.0;-16.0;-16.0;-15.0;-14.0;-12.0;-14.0;-13.0;-10.0;-5.0;-2.0;0.0;2.0;4.0;4.0;5.0;4.0;4.0;3.0;3.0;3.0;4.0;8.0;12.0;12.0;12.0;12.0;12.0;13.0;13.0;12.0;12.0;12.0;10.0;10.0;9.0;9.0;8.0;8.0;4.0;5.0;5.0;4.0;4.0;4.0;4.0;4.0;4.0;5.0;4.0;
-46.0;-51.0;-58.0;-65.0;-65.0;-65.0;-65.0;-65.0;-65.0;-65.0;-65.0;-65.0;-65.0;-65.0;-65.0;-65.0;-65.0;-65.0;-65.0;-57.0;-48.0;-40.0;-35.0;-32.0;-30.0;-30.0;-31.0;-32.0;-34.0;-34.0;-33.0;-30.0;-27.0;-24.0;-15.0;-13.0;-11.0;-9.0;-10.0;-11.0;-14.0;-16.0;-18.0;-17.0;-14.0;-12.0;-8.0;-7.0;-5.0;-3.0;-1.0;0.0;3.0;4.0;4.0;4.0;3.0;2.0;1.0;2.0;1.0;1.0;0.0;-1.0;0.0;0.0;1.0;4.0;7.0;9.0;9.0;9.0;7.0;4.0;0.0;-2.0;-7.0;-10.0;-10.0;6.0;3.0;0.0;-2.0;-5.0;-5.0;-4.0;-3.0;-1.0;-1.0;-1.0;-1.0;0.0;0.0;-1.0;-2.0;-1.0;0.0;0.0;0.0;0.0;0.0;-1.0;-1.0;-1.0;0.0;
2.0;2.0;3.0;3.0;4.0;5.0;6.0;7.0;8.0;8.0;7.0;6.0;5.0;3.0;2.0;1.0;0.0;0.0;1.0;-2.0;-2.0;-2.0;-2.0;-2.0;-3.0;-4.0;-6.0;-8.0;-9.0;-10.0;-11.0;-12.0;-13.0;-14.0;-29.0;-31.0;-32.0;-34.0;-35.0;-36.0;-38.0;-41.0;-43.0;-44.0;-45.0;-46.0;-46.0;-46.0;-47.0;-49.0;-49.0;-49.0;-47.0;-46.0;-46.0;-45.0;-44.0;-45.0;-45.0;-44.0;-44.0;-44.0;-44.0;-44.0;-42.0;-41.0;-40.0;-39.0;-37.0;-35.0;-33.0;-31.0;-30.0;-29.0;-28.0;-28.0;-29.0;-28.0;-27.0;-13.0;-11.0;-11.0;-10.0;-9.0;-7.0;-5.0;-4.0;-2.0;-1.0;0.0;0.0;0.0;1.0;1.0;1.0;1.0;1.0;1.0;1.0;0.0;0.0;0.0;0.0;0.0;0.0;
-6.0;-7.0;-8.0;-9.0;-16.0;-17.0;-19.0;-21.0;-22.0;-23.0;-24.0;-24.0;-24.0;-25.0;-26.0;-25.0;-24.0;-24.0;-22.0;-10.0;-6.0;-4.0;-2.0;-1.0;0.0;0.0;2.0;4.0;6.0;8.0;9.0;10.0;12.0;14.0;29.0;31.0;32.0;34.0;36.0;37.0;38.0;39.0;40.0;41.0;42.0;42.0;43.0;44.0;44.0;41.0;41.0;41.0;40.0;40.0;39.0;38.0;37.0;36.0;36.0;35.0;34.0;33.0;33.0;33.0;28.0;27.0;27.0;26.0;26.0;25.0;25.0;25.0;23.0;22.0;21.0;19.0;16.0;14.0;12.0;6.0;4.0;3.0;2.0;1.0;0.0;0.0;0.0;0.0;-1.0;-1.0;-1.0;-1.0;-1.0;-1.0;-1.0;0.0;0.0;0.0;0.0;0.0;0.0;-1.0;-1.0;-1.0;0.0;
cimabaixo;4
11.0;11.0;10.0;6.0;2.0;0.0;3.0;0.0;-3.0;-6.0;-8.0;-10.0;-10.0;-10.0;-11.0;-11.0;-12.0;-13.0;-13.0;-13.0;-12.0;-13.0;-14.0;-14.0;-13.0;-14.0;-14.0;-14.0;-15.0;-17.0;-17.0;-19.0;-20.0;-21.0;-21.0;-20.0;-23.0;-24.0;-25.0;-25.0;-24.0;-23.0;-22.0;-22.0;-22.0;-23.0;-23.0;-23.0;-22.0;-21.0;-20.0;-15.0;-14.0;-12.0;-11.0;-10.0;-10.0;-10.0;-9.0;-8.0;-5.0;-3.0;1.0;3.0;5.0;6.0;18.0;21.0;21.0;18.0;14.0;10.0;8.0;6.0;5.0;6.0;7.0;10.0;11.0;11.0;8.0;6.0;6.0;5.0;4.0;4.0;4.0;4.0;4.0;4.0;4.0;3.0;3.0;3.0;3.0;3.0;1.0;0.0;1.0;1.0;1.0;1.0;
3.0;2.0;-3.0;-13.0;-20.0;-25.0;0.0;-2.0;-4.0;-7.0;-7.0;-5.0;-2.0;0.0;2.0;3.0;3.0;2.0;0.0;0.0;2.0;12.0;11.0;10.0;10.0;11.0;13.0;15.0;16.0;18.0;20.0;20.0;19.0;19.0;18.0;17.0;20.0;20.0;20.0;19.0;19.0;20.0;20.0;20.0;19.0;17.0;15.0;14.0;13.0;13.0;13.0;6.0;2.0;0.0;0.0;0.0;2.0;4.0;5.0;6.0;5.0;3.0;0.0;-2.0;-6.0;-10.0;-10.0;-16.0;-21.0;-24.0;-23.0;-16.0;-6.0;2.0;7.0;7.0;1.0;-6.0;-14.0;-17.0;-14.0;-10.0;-13.0;-13.0;-10.0;-6.0;-3.0;-1.0;-1.0;-3.0;-5.0;-7.0;-8.0;-8.0;-7.0;-5.0;-4.0;-4.0;-3.0;-3.0;-3.0;-3.0;
51.0;47.0;43.0;41.0;40.0;40.0;31.0;29.0;25.0;22.0;19.0;18.0;15.0;12.0;9.0;7.0;5.0;3.0;1.0;0.0;-1.0;-14.0;-13.0;-15.0;-17.0;-19.0;-20.0;-24.0;-26.0;-27.0;-29.0;-30.0;-31.0;-31.0;-31.0;-31.0;-40.0;-39.0;-37.0;-36.0;-35.0;-34.0;-33.0;-31.0;-30.0;-29.0;-28.0;-26.0;-25.0;-24.0;-22.0;-9.0;-6.0;-4.0;-2.0;0.0;0.0;0.0;1.0;2.0;5.0;9.0;13.0;15.0;16.0;17.0;38.0;41.0;43.0;44.0;45.0;45.0;45.0;45.0;47.0;50.0;53.0;56.0;56.0;54.0;53.0;49.0;48.0;47.0;46.0;44.0;43.0;41.0;39.0;37.0;36.0;34.0;34.0;33.0;32.0;31.0;28.0;28.0;28.0;28.0;28.0;29.0;
-1.0;-33.0;-38.0;-41.0;-38.0;-29.0;-17.0;9.0;6.0;3.0;1.0;2.0;5.0;7.0;9.0;9.0;8.0;8.0;8.0;8.0;10.0;12.0;5.0;5.0;4.0;3.0;4.0;6.0;6.0;5.0;5.0;3.0;1.0;0.0;0.0;0.0;0.0;-1.0;-2.0;-3.0;-4.0;-5.0;-5.0;-7.0;-9.0;-11.0;-13.0;-14.0;-15.0;-15.0;-14.0;-12.0;-17.0;-15.0;-12.0;-8.0;-4.0;-1.0;0.0;0.0;0.0;-1.0;-2.0;-3.0;-5.0;-5.0;-5.0;1.0;1.0;5.0;12.0;20.0;26.0;27.0;24.0;15.0;6.0;0.0;0.0;0.0;3.0;6.0;-5.0;-2.0;1.0;3.0;4.0;2.0;0.0;-2.0;-5.0;-5.0;-4.0;-2.0;0.0;1.0;2.0;0.0;1.0;1.0;2.0;2.0;
-1.0;50.0;56.0;61.0;64.0;65.0;65.0;65.0;65.0;65.0;65.0;65.0;65.0;65.0;65.0;65.0;65.0;65.0;65.0;65.0;65.0;65.0;63.0;61.0;59.0;57.0;54.0;52.0;49.0;46.0;43.0;39.0;36.0;32.0;28.0;24.0;21.0;-4.0;-11.0;-16.0;-20.0;-24.0;-28.0;-32.0;-35.0;-38.0;-41.0;-44.0;-47.0;-50.0;-53.0;-56.0;-65.0;-65.0;-65.0;-65.0;-65.0;-65.0;-65.0;-65.0;-65.0;-65.0;-65.0;-65.0;-65.0;-65.0;-65.0;-65.0;-65.0;-65.0;-63.0;-61.0;-60.0;-57.0;-53.0;-48.0;-43.0;-38.0;-32.0;-28.0;-25.0;-22.0;-3.0;-2.0;-1.0;0.0;0.0;1.0;3.0;4.0;5.0;5.0;5.0;4.0;4.0;4.0;4.0;4.0;4.0;3.0;3.0;2.0;
0.0;22.0;23.0;25.0;29.0;32.0;34.0;27.0;27.0;27.0;28.0;30.0;30.0;29.0;27.0;26.0;26.0;26.0;26.0;26.0;26.0;27.0;20.0;20.0;20.0;19.0;19.0;18.0;16.0;15.0;14.0;13.0;11.0;10.0;8.0;6.0;5.0;-3.0;-4.0;-6.0;-7.0;-9.0;-11.0;-12.0;-14.0;-16.0;-18.0;-19.0;-20.0;-21.0;-23.0;-24.0;-31.0;-32.0;-32.0;-32.0;-33.0;-33.0;-34.0;-35.0;-36.0;-37.0;-37.0;-37.0;-38.0;-39.0;-40.0;-34.0;-29.0;-26.0;-24.0;-24.0;-24.0;-23.0;-22.0;-21.0;-20.0;-18.0;-17.0;-15.0;-13.0;-11.0;0.0;0.0;0.0;0.0;0.0;1.0;1.0;1.0;1.0;1.0;1.0;1.0;1.0;1.0;1.0;2.0;2.0;2.0;2.0;2.0;
swipeesquerda;5
1.0;1.0;2.0;2.0;1.0;0.0;0.0;0.0;0.0;0.0;0.0;-1.0;-1.0;-1.0;0.0;1.0;2.0;3.0;2.0;2.0;6.0;6.0;6.0;7.0;8.0;10.0;11.0;11.0;12.0;12.0;11.0;11.0;12.0;12.0;12.0;9.0;10.0;11.0;11.0;11.0;11.0;10.0;9.0;8.0;8.0;9.0;9.0;11.0;11.0;12.0;6.0;6.0;6.0;6.0;6.0;6.0;6.0;5.0;5.0;4.0;3.0;2.0;2.0;2.0;0.0;-5.0;-4.0;-5.0;-5.0;-6.0;-6.0;-6.0;-7.0;-6.0;-6.0;-6.0;-5.0;-5.0;-5.0;-5.0;-4.0;-4.0;-4.0;-4.0;-4.0;-4.0;-3.0;-3.0;-2.0;-2.0;-3.0;
0.0;-5.0;-12.0;-19.0;-24.0;-18.0;-21.0;-24.0;-26.0;-27.0;-27.0;-27.0;-28.0;-31.0;-36.0;-39.0;-41.0;-41.0;-39.0;-37.0;-37.0;-37.0;-36.0;-35.0;-33.0;-32.0;-31.0;-31.0;-32.0;-33.0;-32.0;-30.0;-28.0;-26.0;-25.0;-31.0;-29.0;-27.0;-24.0;-23.0;-23.0;-24.0;-24.0;-24.0;-23.0;-21.0;-21.0;-19.0;-19.0;-18.0;-7.0;-6.0;-6.0;-8.0;-11.0;-14.0;-17.0;-18.0;-18.0;-17.0;-13.0;-9.0;-7.0;-4.0;-2.0;-34.0;-35.0;-33.0;-30.0;-25.0;-21.0;-19.0;-18.0;-19.0;-20.0;-20.0;-20.0;-20.0;-21.0;-21.0;-20.0;-20.0;-20.0;-21.0;-22.0;-23.0;-23.0;-23.0;-23.0;-22.0;-21.0;
27.0;26.0;24.0;25.0;25.0;24.0;22.0;22.0;21.0;20.0;19.0;17.0;13.0;11.0;10.0;12.0;12.0;12.0;11.0;11.0;7.0;10.0;10.0;9.0;7.0;6.0;6.0;7.0;10.0;13.0;14.0;14.0;13.0;12.0;12.0;13.0;14.0;16.0;19.0;22.0;22.0;20.0;20.0;19.0;20.0;20.0;22.0;29.0;33.0;33.0;31.0;32.0;33.0;36.0;37.0;38.0;37.0;38.0;39.0;39.0;43.0;48.0;51.0;50.0;46.0;21.0;19.0;18.0;18.0;18.0;19.0;20.0;20.0;20.0;19.0;19.0;19.0;19.0;19.0;20.0;21.0;22.0;22.0;23.0;23.0;23.0;24.0;24.0;24.0;24.0;24.0;
2.0;-57.0;-62.0;-64.0;-61.0;-57.0;-54.0;-57.0;-59.0;-60.0;-61.0;-62.0;-64.0;-64.0;-61.0;-58.0;-52.0;-45.0;-36.0;-30.0;-26.0;-9.0;-5.0;-2.0;0.0;3.0;5.0;7.0;8.0;10.0;10.0;10.0;9.0;6.0;3.0;1.0;2.0;2.0;0.0;-1.0;-3.0;-4.0;-6.0;-7.0;-7.0;-9.0;-9.0;-9.0;-10.0;-7.0;-4.0;-1.0;-6.0;-10.0;-13.0;-14.0;-12.0;-11.0;-8.0;-6.0;-2.0;2.0;8.0;11.0;11.0;8.0;-9.0;0.0;5.0;9.0;10.0;9.0;7.0;5.0;3.0;1.0;0.0;-1.0;-1.0;-1.0;-1.0;-2.0;-3.0;-4.0;-4.0;-4.0;-3.0;-1.0;0.0;0.0;0.0;
2.0;2.0;3.0;3.0;2.0;1.0;0.0;0.0;-1.0;-2.0;-3.0;-3.0;-5.0;-6.0;-8.0;-10.0;-12.0;-13.0;-14.0;-15.0;-17.0;-29.0;-31.0;-32.0;-33.0;-34.0;-36.0;-39.0;-41.0;-42.0;-43.0;-44.0;-44.0;-45.0;-46.0;-48.0;-55.0;-55.0;-55.0;-55.0;-55.0;-54.0;-54.0;-54.0;-54.0;-54.0;-54.0;-53.0;-51.0;-49.0;-46.0;-32.0;-31.0;-30.0;-30.0;-28.0;-26.0;-23.0;-20.0;-16.0;-14.0;-8.0;-4.0;0.0;3.0;5.0;4.0;4.0;4.0;4.0;4.0;3.0;2.0;1.0;1.0;0.0;0.0;0.0;0.0;0.0;0.0;-1.0;-1.0;-1.0;-1.0;-1.0;-1.0;-1.0;0.0;0.0;0.0;
1.0;-2.0;-2.0;-1.0;0.0;0.0;4.0;4.0;4.0;4.0;6.0;7.0;8.0;9.0;11.0;12.0;13.0;15.0;17.0;19.0;21.0;30.0;32.0;35.0;37.0;38.0;39.0;40.0;41.0;42.0;44.0;46.0;47.0;49.0;50.0;50.0;52.0;53.0;53.0;53.0;52.0;52.0;52.0;52.0;52.0;52.0;51.0;50.0;49.0;48.0;48.0;37.0;34.0;31.0;28.0;25.0;22.0;19.0;17.0;16.0;14.0;10.0;5.0;1.0;0.0;-2.0;-8.0;-8.0;-6.0;-4.0;-3.0;-2.0;-2.0;-2.0;-2.0;-2.0;-1.0;-1.0;-1.0;0.0;0.0;0.0;0.0;0.0;0.0;0.0;0.0;0.0;0.0;0.0;0.0;
cimabaixo_chrisb;6
0.0;-7.0;-7.0;-7.0;-6.0;-7.0;-7.0;-9.0;-10.0;-11.0;-10.0;-8.0;-6.0;-6.0;-7.0;-9.0;-2.0;-1.0;-2.0;-2.0;-3.0;-5.0;-4.0;-2.0;1.0;6.0;9.0;11.0;12.0;14.0;15.0;21.0;22.0;25.0;27.0;28.0;29.0;30.0;31.0;33.0;35.0;37.0;38.0;38.0;38.0;38.0;40.0;39.0;38.0;36.0;35.0;35.0;34.0;34.0;34.0;33.0;33.0;31.0;30.0;29.0;27.0;21.0;21.0;20.0;19.0;17.0;14.0;10.0;6.0;2.0;0.0;0.0;0.0;0.0;1.0;0.0;-7.0;-4.0;-3.0;-3.0;-5.0;-7.0;-9.0;-10.0;-10.0;-9.0;-8.0;-5.0;-3.0;-1.0;-1.0;2.0;3.0;3.0;3.0;3.0;2.0;2.0;3.0;3.0;3.0;3.0;3.0;3.0;3.0;2.0;4.0;4.0;
-29.0;9.0;8.0;5.0;2.0;1.0;2.0;6.0;11.0;13.0;9.0;4.0;0.0;-1.0;-2.0;-2.0;-6.0;-4.0;-2.0;-2.0;-3.0;-4.0;-4.0;-4.0;-2.0;0.0;0.0;0.0;0.0;0.0;1.0;4.0;6.0;7.0;9.0;10.0;11.0;12.0;14.0;14.0;15.0;15.0;16.0;17.0;17.0;16.0;22.0;22.0;21.0;18.0;15.0;12.0;11.0;10.0;10.0;10.0;10.0;11.0;10.0;8.0;6.0;-1.0;1.0;2.0;3.0;2.0;0.0;-2.0;-6.0;-10.0;-12.0;-12.0;-10.0;-7.0;-4.0;-1.0;-10.0;-11.0;-12.0;-12.0;-10.0;-5.0;0.0;2.0;1.0;-2.0;-7.0;-9.0;-10.0;-9.0;-8.0;-3.0;-3.0;-3.0;-3.0;-3.0;-3.0;-2.0;-1.0;-1.0;-1.0;-1.0;-2.0;-2.0;-2.0;-2.0;-2.0;-2.0;
23.0;34.0;34.0;36.0;38.0;39.0;41.0;44.0;43.0;41.0;41.0;41.0;41.0;42.0;44.0;45.0;37.0;35.0;33.0;36.0;35.0;34.0;31.0;26.0;23.0;20.0;19.0;19.0;15.0;14.0;11.0;0.0;-4.0;-7.0;-9.0;-12.0;-14.0;-14.0;-17.0;-18.0;-20.0;-21.0;-21.0;-21.0;-21.0;-22.0;-23.0;-21.0;-17.0;-14.0;-12.0;-11.0;-10.0;-9.0;-7.0;-5.0;-3.0;-1.0;0.0;0.0;2.0;15.0;15.0;15.0;15.0;16.0;16.0;21.0;23.0;27.0;29.0;30.0;31.0;32.0;33.0;31.0;35.0;35.0;37.0;39.0;41.0;43.0;43.0;43.0;43.0;42.0;41.0;40.0;40.0;39.0;39.0;34.0;34.0;33.0;32.0;33.0;32.0;31.0;31.0;31.0;31.0;32.0;31.0;31.0;31.0;31.0;30.0;30.0;
-15.0;-2.0;-3.0;-6.0;-7.0;-7.0;-5.0;-4.0;-4.0;-8.0;-16.0;-22.0;-24.0;-23.0;-19.0;-14.0;-11.0;-4.0;-3.0;-1.0;-1.0;-2.0;-3.0;-4.0;-5.0;-6.0;-5.0;-3.0;-2.0;-1.0;0.0;2.0;3.0;3.0;3.0;4.0;4.0;4.0;4.0;3.0;3.0;4.0;4.0;2.0;0.0;-2.0;-4.0;-6.0;-8.0;-9.0;-11.0;-13.0;-13.0;-14.0;-15.0;-16.0;-16.0;-17.0;-17.0;-17.0;-17.0;-16.0;-7.0;-6.0;-7.0;-8.0;-8.0;-7.0;-5.0;-2.0;0.0;4.0;6.0;8.0;8.0;6.0;2.0;1.0;4.0;9.0;13.0;16.0;16.0;13.0;8.0;1.0;-4.0;-8.0;-8.0;-6.0;-4.0;-1.0;1.0;1.0;0.0;1.0;2.0;2.0;2.0;2.0;1.0;0.0;0.0;0.0;0.0;0.0;0.0;0.0;
1.0;-2.0;-10.0;-12.0;-13.0;-14.0;-15.0;-17.0;-19.0;-24.0;-29.0;-34.0;-37.0;-39.0;-40.0;-42.0;-45.0;-59.0;-60.0;-62.0;-64.0;-65.0;-65.0;-65.0;-65.0;-65.0;-65.0;-65.0;-65.0;-65.0;-65.0;-65.0;-65.0;-63.0;-61.0;-58.0;-55.0;-52.0;-48.0;-45.0;-40.0;-35.0;-30.0;-25.0;-20.0;-15.0;-11.0;19.0;23.0;27.0;30.0;33.0;36.0;39.0;42.0;44.0;46.0;48.0;50.0;52.0;53.0;54.0;59.0;60.0;61.0;62.0;63.0;63.0;63.0;62.0;61.0;60.0;60.0;59.0;57.0;57.0;55.0;39.0;37.0;35.0;33.0;31.0;28.0;24.0;19.0;15.0;10.0;6.0;4.0;3.0;1.0;0.0;-2.0;-2.0;-2.0;-2.0;-2.0;-2.0;-2.0;-2.0;-2.0;-2.0;-2.0;-2.0;-2.0;-2.0;-2.0;-1.0;
0.0;0.0;-7.0;-8.0;-9.0;-10.0;-11.0;-12.0;-13.0;-12.0;-13.0;-14.0;-14.0;-14.0;-14.0;-15.0;-15.0;-19.0;-19.0;-19.0;-19.0;-19.0;-19.0;-19.0;-20.0;-21.0;-22.0;-22.0;-21.0;-21.0;-21.0;-21.0;-17.0;-17.0;-16.0;-16.0;-15.0;-14.0;-14.0;-13.0;-11.0;-10.0;-9.0;-8.0;-7.0;-6.0;-4.0;5.0;8.0;10.0;11.0;13.0;15.0;16.0;17.0;18.0;19.0;20.0;21.0;22.0;23.0;24.0;24.0;24.0;24.0;24.0;24.0;25.0;25.0;25.0;25.0;24.0;24.0;24.0;24.0;24.0;24.0;19.0;18.0;17.0;16.0;15.0;14.0;13.0;10.0;9.0;7.0;4.0;2.0;1.0;0.0;-1.0;-4.0;-3.0;-3.0;-2.0;-2.0;-2.0;-1.0;-1.0;-1.0;-1.0;-1.0;-1.0;-1.0;-1.0;-2.0;-2.0;
sentido;7
-15.0;-16.0;-16.0;-17.0;-19.0;-20.0;-19.0;-17.0;-12.0;-7.0;-3.0;-1.0;0.0;0.0;1.0;11.0;11.0;11.0;10.0;11.0;11.0;12.0;13.0;12.0;11.0;11.0;11.0;12.0;15.0;17.0;17.0;24.0;28.0;23.0;18.0;19.0;23.0;25.0;23.0;21.0;21.0;22.0;23.0;25.0;27.0;15.0;13.0;11.0;8.0;7.0;5.0;2.0;0.0;-1.0;-3.0;-6.0;-10.0;-14.0;-15.0;-14.0;-6.0;-5.0;-5.0;-5.0;-4.0;-1.0;1.0;3.0;4.0;5.0;5.0;6.0;7.0;9.0;9.0;11.0;10.0;8.0;7.0;6.0;6.0;7.0;8.0;8.0;7.0;6.0;5.0;5.0;5.0;
-21.0;-29.0;-32.0;-31.0;-27.0;-22.0;-17.0;-13.0;-11.0;-12.0;-15.0;-17.0;-16.0;-12.0;-7.0;10.0;10.0;10.0;10.0;14.0;18.0;23.0;26.0;24.0;22.0;18.0;17.0;18.0;21.0;26.0;42.0;53.0;54.0;39.0;23.0;18.0;23.0;33.0;38.0;37.0;30.0;21.0;15.0;15.0;19.0;11.0;9.0;6.0;4.0;2.0;0.0;-2.0;-4.0;-3.0;1.0;4.0;4.0;1.0;-4.0;-8.0;-23.0;-19.0;-18.0;-18.0;-16.0;-12.0;-9.0;-7.0;-7.0;-8.0;-8.0;-8.0;-7.0;-7.0;-7.0;-4.0;-3.0;-1.0;0.0;0.0;0.0;-1.0;-2.0;-4.0;-6.0;-8.0;-9.0;-9.0;-7.0;
44.0;46.0;48.0;47.0;46.0;44.0;41.0;38.0;36.0;35.0;33.0;32.0;30.0;27.0;25.0;14.0;13.0;15.0;13.0;12.0;12.0;12.0;12.0;9.0;9.0;10.0;9.0;9.0;10.0;10.0;7.0;4.0;8.0;9.0;11.0;12.0;13.0;13.0;14.0;16.0;17.0;19.0;21.0;22.0;21.0;22.0;22.0;24.0;25.0;27.0;28.0;29.0;29.0;29.0;29.0;29.0;27.0;27.0;28.0;29.0;38.0;38.0;37.0;35.0;34.0;32.0;32.0;32.0;32.0;32.0;32.0;32.0;32.0;32.0;32.0;30.0;30.0;30.0;30.0;30.0;30.0;29.0;29.0;29.0;30.0;30.0;30.0;29.0;29.0;
0.0;-47.0;-39.0;-30.0;-24.0;-19.0;-14.0;-11.0;-13.0;-17.0;-18.0;-15.0;-10.0;-2.0;6.0;11.0;2.0;0.0;1.0;4.0;6.0;8.0;8.0;7.0;8.0;10.0;13.0;15.0;17.0;17.0;16.0;0.0;-1.0;-5.0;-11.0;-9.0;-3.0;2.0;4.0;1.0;-4.0;-6.0;-3.0;3.0;9.0;13.0;2.0;2.0;2.0;3.0;4.0;3.0;3.0;6.0;8.0;8.0;4.0;-4.0;-13.0;-20.0;-25.0;8.0;11.0;11.0;9.0;8.0;6.0;2.0;0.0;-3.0;-4.0;-5.0;-4.0;-3.0;-2.0;0.0;5.0;4.0;2.0;0.0;-2.0;-5.0;-8.0;-10.0;-10.0;-8.0;-5.0;-1.0;1.0;
-1.0;-26.0;-27.0;-27.0;-29.0;-30.0;-31.0;-33.0;-36.0;-40.0;-41.0;-43.0;-43.0;-42.0;-41.0;-41.0;-37.0;-35.0;-33.0;-31.0;-30.0;-29.0;-27.0;-25.0;-24.0;-23.0;-21.0;-19.0;-18.0;-15.0;-14.0;-1.0;0.0;4.0;7.0;8.0;10.0;12.0;14.0;16.0;18.0;20.0;21.0;23.0;24.0;26.0;37.0;38.0;39.0;39.0;39.0;40.0;40.0;39.0;40.0;39.0;38.0;35.0;32.0;29.0;27.0;10.0;7.0;4.0;2.0;0.0;0.0;-2.0;-3.0;-4.0;-4.0;-4.0;-4.0;-3.0;-2.0;-2.0;0.0;1.0;1.0;1.0;1.0;1.0;1.0;1.0;1.0;0.0;0.0;0.0;0.0;
-2.0;-40.0;-43.0;-47.0;-55.0;-63.0;-65.0;-65.0;-65.0;-65.0;-65.0;-65.0;-65.0;-65.0;-65.0;-65.0;-65.0;-65.0;-65.0;-63.0;-60.0;-56.0;-52.0;-49.0;-47.0;-45.0;-43.0;-40.0;-37.0;-32.0;-28.0;6.0;15.0;9.0;8.0;14.0;22.0;27.0;31.0;35.0;37.0;38.0;40.0;45.0;49.0;52.0;63.0;65.0;65.0;65.0;65.0;65.0;65.0;65.0;65.0;65.0;65.0;64.0;61.0;59.0;57.0;31.0;25.0;18.0;12.0;9.0;6.0;4.0;2.0;0.0;0.0;-1.0;-2.0;-2.0;-2.0;-1.0;2.0;2.0;2.0;1.0;1.0;1.0;0.0;0.0;0.0;0.0;0.0;0.0;0.0;
girasobe_chris;8
-4.0;-4.0;-4.0;-4.0;-4.0;-4.0;-3.0;-2.0;-3.0;-3.0;-4.0;-5.0;-5.0;-4.0;-2.0;0.0;-2.0;-2.0;-2.0;2.0;1.0;0.0;0.0;1.0;2.0;3.0;2.0;2.0;2.0;2.0;2.0;1.0;1.0;2.0;3.0;3.0;3.0;3.0;4.0;4.0;3.0;3.0;4.0;4.0;4.0;4.0;5.0;5.0;4.0;5.0;5.0;5.0;6.0;8.0;9.0;10.0;10.0;9.0;9.0;10.0;11.0;13.0;15.0;17.0;18.0;19.0;19.0;18.0;17.0;18.0;20.0;21.0;22.0;22.0;22.0;23.0;24.0;23.0;23.0;30.0;30.0;30.0;30.0;30.0;31.0;32.0;33.0;33.0;34.0;33.0;33.0;32.0;31.0;32.0;33.0;33.0;32.0;32.0;32.0;32.0;32.0;33.0;33.0;33.0;
-4.0;-8.0;-11.0;-11.0;-13.0;-18.0;-21.0;-24.0;-26.0;-28.0;-31.0;-34.0;-35.0;-35.0;-31.0;-29.0;-29.0;-31.0;-31.0;-40.0;-37.0;-35.0;-32.0;-27.0;-22.0;-21.0;-21.0;-23.0;-24.0;-21.0;-20.0;-21.0;-22.0;-24.0;-19.0;-20.0;-21.0;-23.0;-23.0;-23.0;-23.0;-23.0;-21.0;-19.0;-18.0;-20.0;-20.0;-22.0;-22.0;-14.0;-14.0;-15.0;-16.0;-17.0;-18.0;-17.0;-15.0;-12.0;-9.0;-8.0;-9.0;-10.0;-13.0;-16.0;-3.0;-3.0;-4.0;-6.0;-5.0;-4.0;-4.0;-4.0;-5.0;-6.0;-6.0;-4.0;-1.0;0.0;0.0;4.0;4.0;2.0;0.0;-2.0;-3.0;-3.0;-2.0;0.0;0.0;-1.0;-2.0;-4.0;-6.0;-7.0;-6.0;-7.0;-8.0;-8.0;-9.0;-8.0;-8.0;-8.0;-7.0;-6.0;
25.0;25.0;25.0;24.0;11.0;7.0;6.0;5.0;3.0;0.0;-2.0;-6.0;-10.0;-8.0;-11.0;-11.0;-16.0;-17.0;-22.0;-27.0;-27.0;-26.0;-26.0;-27.0;-28.0;-30.0;-32.0;-33.0;-32.0;-31.0;-31.0;-32.0;-32.0;-32.0;-37.0;-37.0;-39.0;-41.0;-41.0;-41.0;-41.0;-41.0;-42.0;-44.0;-46.0;-46.0;-46.0;-45.0;-45.0;-45.0;-44.0;-41.0;-36.0;-33.0;-33.0;-34.0;-36.0;-32.0;-29.0;-29.0;-25.0;-21.0;-19.0;-13.0;1.0;4.0;1.0;4.0;7.0;10.0;13.0;15.0;17.0;17.0;17.0;17.0;18.0;18.0;20.0;20.0;20.0;19.0;18.0;17.0;16.0;14.0;13.0;12.0;11.0;12.0;12.0;10.0;9.0;8.0;3.0;4.0;4.0;4.0;4.0;4.0;4.0;4.0;5.0;4.0;
-65.0;-65.0;-65.0;-65.0;-65.0;-65.0;-65.0;-65.0;-65.0;-65.0;-65.0;-65.0;-65.0;-65.0;-65.0;-65.0;-65.0;-65.0;-65.0;-65.0;-64.0;-51.0;-37.0;-30.0;-27.0;-25.0;-24.0;-21.0;-17.0;-15.0;-14.0;-12.0;-9.0;-5.0;-7.0;-8.0;-7.0;-5.0;-2.0;0.0;1.0;1.0;-1.0;-4.0;-8.0;-9.0;-9.0;-5.0;0.0;2.0;0.0;0.0;1.0;5.0;10.0;16.0;19.0;18.0;15.0;10.0;6.0;5.0;7.0;11.0;24.0;21.0;17.0;13.0;13.0;14.0;14.0;14.0;15.0;16.0;17.0;17.0;16.0;14.0;12.0;5.0;2.0;0.0;0.0;0.0;0.0;1.0;1.0;1.0;0.0;-2.0;-3.0;-3.0;-3.0;-2.0;-5.0;-5.0;-4.0;-4.0;-3.0;-2.0;-1.0;-1.0;0.0;-1.0;
8.0;8.0;8.0;9.0;14.0;16.0;16.0;17.0;17.0;17.0;17.0;17.0;18.0;17.0;19.0;20.0;21.0;21.0;21.0;14.0;11.0;8.0;4.0;2.0;1.0;1.0;1.0;1.0;1.0;1.0;1.0;1.0;1.0;0.0;7.0;8.0;10.0;12.0;14.0;16.0;18.0;20.0;23.0;27.0;32.0;35.0;39.0;42.0;44.0;61.0;64.0;65.0;65.0;65.0;65.0;65.0;65.0;65.0;65.0;65.0;65.0;65.0;65.0;65.0;59.0;57.0;57.0;56.0;53.0;50.0;47.0;44.0;40.0;37.0;34.0;30.0;28.0;25.0;23.0;5.0;4.0;2.0;1.0;0.0;-2.0;-3.0;-4.0;-4.0;-4.0;-4.0;-4.0;-5.0;-5.0;-5.0;-3.0;-2.0;-1.0;-1.0;-1.0;-1.0;-1.0;0.0;0.0;0.0;
-10.0;-10.0;-9.0;-9.0;-17.0;-18.0;-19.0;-19.0;-20.0;-21.0;-21.0;-21.0;-21.0;-21.0;-19.0;-19.0;-18.0;-18.0;-18.0;-12.0;-9.0;-8.0;-6.0;-5.0;-4.0;-2.0;-2.0;-2.0;-2.0;-3.0;-3.0;-3.0;-2.0;-1.0;-5.0;-5.0;-6.0;-7.0;-7.0;-8.0;-9.0;-10.0;-12.0;-14.0;-15.0;-16.0;-16.0;-17.0;-17.0;-22.0;-23.0;-23.0;-22.0;-21.0;-21.0;-21.0;-21.0;-21.0;-22.0;-23.0;-23.0;-22.0;-22.0;-22.0;-19.0;-18.0;-18.0;-18.0;-16.0;-16.0;-16.0;-16.0;-16.0;-15.0;-14.0;-13.0;-12.0;-11.0;-10.0;-4.0;-3.0;-3.0;-2.0;-1.0;0.0;1.0;1.0;2.0;2.0;2.0;3.0;3.0;3.0;3.0;2.0;1.0;1.0;1.0;0.0;1.0;0.0;0.0;0.0;0.0;
horairo_nano;9
-8.0;3.0;4.0;4.0;3.0;2.0;0.0;-1.0;-2.0;-2.0;0.0;0.0;1.0;1.0;-5.0;-5.0;-4.0;-2.0;-1.0;-2.0;-7.0;-12.0;-13.0;-11.0;-9.0;-8.0;-8.0;-8.0;-7.0;-8.0;-9.0;-8.0;-9.0;-8.0;-7.0;-7.0;-7.0;-6.0;-4.0;-3.0;-2.0;-3.0;-3.0;-2.0;3.0;3.0;2.0;2.0;3.0;5.0;6.0;6.0;5.0;4.0;4.0;4.0;5.0;7.0;9.0;8.0;9.0;9.0;10.0;10.0;10.0;9.0;8.0;7.0;8.0;9.0;9.0;9.0;9.0;8.0;8.0;8.0;8.0;8.0;7.0;7.0;7.0;7.0;7.0;7.0;8.0;8.0;8.0;8.0;7.0;8.0;8.0;
31.0;6.0;8.0;9.0;10.0;14.0;19.0;25.0;31.0;34.0;33.0;29.0;23.0;21.0;39.0;34.0;29.0;27.0;28.0;30.0;32.0;33.0;34.0;34.0;33.0;34.0;34.0;33.0;30.0;35.0;35.0;35.0;35.0;36.0;37.0;38.0;37.0;34.0;33.0;32.0;30.0;28.0;25.0;23.0;8.0;4.0;3.0;5.0;5.0;4.0;2.0;0.0;-2.0;-4.0;-4.0;-3.0;-4.0;-7.0;-12.0;-10.0;-14.0;-19.0;-22.0;-24.0;-24.0;-20.0;-13.0;-9.0;-8.0;-9.0;-12.0;-15.0;-16.0;-15.0;-16.0;-15.0;-14.0;-12.0;-11.0;-10.0;-9.0;-8.0;-8.0;-9.0;-12.0;-14.0;-15.0;-14.0;-12.0;-14.0;-16.0;
-9.0;25.0;23.0;21.0;17.0;13.0;9.0;7.0;7.0;10.0;11.0;9.0;3.0;-4.0;-18.0;-22.0;-21.0;-22.0;-24.0;-27.0;-27.0;-26.0;-28.0;-27.0;-28.0;-28.0;-27.0;-26.0;-27.0;-24.0;-23.0;-21.0;-19.0;-16.0;-15.0;-14.0;-12.0;-9.0;-7.0;-4.0;-1.0;0.0;0.0;2.0;19.0;18.0;19.0;25.0;28.0;28.0;26.0;25.0;24.0;24.0;25.0;28.0;30.0;30.0;28.0;29.0;29.0;28.0;29.0;28.0;27.0;27.0;28.0;29.0;30.0;30.0;30.0;30.0;30.0;29.0;28.0;29.0;30.0;29.0;29.0;29.0;30.0;30.0;30.0;30.0;30.0;30.0;29.0;29.0;29.0;29.0;29.0;
-3.0;-65.0;-65.0;-65.0;-65.0;-65.0;-65.0;-65.0;-65.0;-65.0;-65.0;-65.0;-65.0;-65.0;-65.0;-65.0;-65.0;-65.0;-65.0;-65.0;-65.0;-51.0;-39.0;-27.0;-15.0;-4.0;6.0;16.0;24.0;65.0;65.0;65.0;65.0;65.0;65.0;65.0;65.0;65.0;65.0;65.0;65.0;65.0;65.0;65.0;65.0;65.0;65.0;65.0;65.0;65.0;65.0;65.0;65.0;65.0;62.0;61.0;60.0;61.0;57.0;21.0;22.0;19.0;13.0;4.0;-4.0;-12.0;-14.0;-11.0;-6.0;-1.0;1.0;1.0;0.0;-1.0;-9.0;-11.0;-12.0;-13.0;-12.0;-10.0;-7.0;-4.0;-1.0;0.0;1.0;0.0;-2.0;-5.0;-7.0;5.0;1.0;
0.0;18.0;20.0;20.0;22.0;22.0;21.0;20.0;18.0;17.0;18.0;20.0;21.0;21.0;5.0;4.0;3.0;3.0;2.0;2.0;1.0;0.0;0.0;0.0;-1.0;0.0;0.0;0.0;0.0;-3.0;-5.0;-6.0;-8.0;-9.0;-10.0;-11.0;-13.0;-14.0;-15.0;-16.0;-17.0;-18.0;-19.0;-20.0;-18.0;-18.0;-16.0;-15.0;-16.0;-16.0;-15.0;-15.0;-13.0;-13.0;-12.0;-12.0;-14.0;-14.0;-14.0;-6.0;-6.0;-5.0;-4.0;-2.0;0.0;1.0;2.0;1.0;0.0;0.0;0.0;0.0;0.0;1.0;1.0;2.0;2.0;2.0;2.0;2.0;2.0;1.0;0.0;0.0;0.0;0.0;1.0;1.0;2.0;0.0;0.0;
0.0;5.0;5.0;6.0;6.0;8.0;9.0;10.0;10.0;9.0;8.0;8.0;10.0;13.0;11.0;11.0;11.0;11.0;14.0;15.0;14.0;11.0;8.0;5.0;3.0;1.0;-1.0;-2.0;-2.0;-9.0;-9.0;-10.0;-10.0;-11.0;-12.0;-12.0;-14.0;-16.0;-16.0;-15.0;-14.0;-13.0;-12.0;-11.0;-7.0;-6.0;-5.0;-3.0;-2.0;-3.0;-4.0;-3.0;-3.0;-3.0;-2.0;-1.0;-1.0;-2.0;-3.0;0.0;-1.0;-1.0;-1.0;0.0;0.0;0.0;1.0;1.0;0.0;0.0;-1.0;0.0;0.0;0.0;0.0;0.0;0.0;0.0;0.0;0.0;0.0;0.0;0.0;0.0;-1.0;0.0;0.0;0.0;0.0;-1.0;0.0;
antihor_nano;10
9.0;8.0;8.0;8.0;9.0;10.0;13.0;14.0;16.0;18.0;18.0;17.0;17.0;16.0;16.0;17.0;18.0;18.0;17.0;16.0;16.0;15.0;17.0;12.0;13.0;17.0;19.0;20.0;20.0;21.0;20.0;17.0;15.0;14.0;15.0;16.0;15.0;12.0;16.0;14.0;10.0;7.0;5.0;6.0;9.0;12.0;12.0;11.0;11.0;9.0;7.0;6.0;7.0;8.0;8.0;7.0;7.0;7.0;5.0;5.0;5.0;6.0;6.0;8.0;8.0;7.0;7.0;6.0;5.0;5.0;5.0;6.0;6.0;6.0;6.0;7.0;7.0;6.0;6.0;6.0;6.0;6.0;5.0;5.0;4.0;5.0;
-20.0;-18.0;-15.0;-11.0;-8.0;-8.0;-13.0;-23.0;-25.0;-33.0;-37.0;-35.0;-31.0;-30.0;-32.0;-36.0;-39.0;-41.0;-40.0;-39.0;-36.0;-32.0;-32.0;-12.0;-8.0;-16.0;-30.0;-45.0;-54.0;-54.0;-46.0;-34.0;-26.0;-21.0;-22.0;-26.0;-29.0;-25.0;-32.0;-32.0;-26.0;-14.0;-3.0;2.0;5.0;4.0;0.0;-9.0;-16.0;-20.0;-17.0;-7.0;2.0;-5.0;1.0;8.0;13.0;16.0;17.0;17.0;15.0;13.0;10.0;6.0;3.0;1.0;1.0;4.0;15.0;13.0;12.0;10.0;8.0;6.0;5.0;5.0;5.0;6.0;7.0;8.0;9.0;9.0;9.0;8.0;9.0;9.0;
24.0;23.0;23.0;21.0;19.0;16.0;12.0;9.0;0.0;-1.0;0.0;-1.0;0.0;0.0;0.0;0.0;0.0;0.0;-1.0;0.0;-1.0;0.0;-1.0;-2.0;-2.0;-2.0;-1.0;0.0;1.0;0.0;0.0;0.0;1.0;4.0;6.0;7.0;5.0;6.0;21.0;18.0;15.0;18.0;23.0;25.0;28.0;28.0;29.0;31.0;30.0;26.0;26.0;30.0;32.0;28.0;30.0;30.0;31.0;31.0;31.0;30.0;30.0;30.0;31.0;31.0;32.0;31.0;32.0;31.0;29.0;29.0;30.0;30.0;31.0;31.0;31.0;31.0;31.0;32.0;31.0;31.0;31.0;31.0;31.0;31.0;32.0;31.0;
-2.0;65.0;64.0;65.0;65.0;65.0;65.0;65.0;65.0;65.0;65.0;62.0;52.0;45.0;44.0;42.0;39.0;35.0;28.0;19.0;11.0;7.0;3.0;4.0;-39.0;-21.0;-6.0;-4.0;-16.0;-37.0;-62.0;-65.0;-65.0;-65.0;-65.0;-65.0;-65.0;-65.0;-65.0;-65.0;-65.0;-65.0;-65.0;-65.0;-65.0;-60.0;-44.0;-32.0;-29.0;-33.0;-46.0;-60.0;-65.0;-63.0;-45.0;-49.0;-47.0;-41.0;-33.0;-23.0;-13.0;-4.0;2.0;5.0;4.0;0.0;-6.0;-13.0;-18.0;10.0;15.0;18.0;19.0;17.0;14.0;10.0;6.0;3.0;1.0;0.0;0.0;0.0;1.0;3.0;-3.0;-1.0;
0.0;-17.0;-16.0;-15.0;-16.0;-17.0;-20.0;-22.0;-23.0;-21.0;-22.0;-19.0;-16.0;-15.0;-15.0;-14.0;-13.0;-11.0;-9.0;-6.0;-5.0;-3.0;-2.0;-2.0;10.0;4.0;0.0;-1.0;2.0;9.0;16.0;21.0;24.0;24.0;22.0;20.0;20.0;20.0;21.0;17.0;19.0;21.0;22.0;20.0;17.0;14.0;11.0;9.0;9.0;10.0;12.0;13.0;12.0;11.0;8.0;9.0;9.0;8.0;7.0;5.0;3.0;2.0;1.0;0.0;0.0;1.0;3.0;4.0;4.0;0.0;-1.0;-1.0;-2.0;-1.0;-1.0;0.0;0.0;0.0;0.0;1.0;1.0;1.0;1.0;0.0;1.0;1.0;
0.0;-3.0;-1.0;0.0;0.0;0.0;0.0;0.0;0.0;11.0;11.0;11.0;11.0;12.0;12.0;11.0;11.0;9.0;7.0;6.0;5.0;3.0;3.0;2.0;-4.0;-3.0;-3.0;-3.0;-2.0;-2.0;-3.0;-3.0;-2.0;-1.0;-1.0;-1.0;-2.0;-3.0;-2.0;0.0;0.0;2.0;5.0;6.0;5.0;3.0;1.0;0.0;0.0;-2.0;-1.0;2.0;6.0;6.0;2.0;4.0;4.0;2.0;1.0;1.0;1.0;0.0;0.0;0.0;0.0;0.0;0.0;1.0;1.0;-2.0;-2.0;-3.0;-3.0;-3.0;-2.0;-1.0;-1.0;0.0;0.0;0.0;0.0;0.0;0.0;0.0;0.0;0.0;
cimabaixo_nano;11
16.0;17.0;17.0;18.0;18.0;13.0;5.0;-1.0;-4.0;-2.0;0.0;2.0;1.0;-4.0;-11.0;-18.0;-23.0;-27.0;-31.0;-30.0;-28.0;-26.0;-27.0;-29.0;-31.0;-31.0;-32.0;-32.0;-32.0;-32.0;-33.0;-34.0;-33.0;-32.0;-31.0;-31.0;-31.0;-30.0;-29.0;-29.0;-27.0;-25.0;-22.0;-20.0;-18.0;-18.0;-18.0;-4.0;-3.0;-3.0;-4.0;-6.0;-7.0;-6.0;-2.0;0.0;2.0;2.0;0.0;0.0;-1.0;0.0;7.0;7.0;7.0;8.0;8.0;9.0;9.0;9.0;8.0;7.0;6.0;5.0;5.0;4.0;4.0;3.0;3.0;3.0;3.0;3.0;3.0;3.0;3.0;3.0;3.0;3.0;2.0;3.0;3.0;
-11.0;-11.0;-8.0;-16.0;-19.0;-16.0;-11.0;-6.0;-4.0;-1.0;-1.0;-3.0;-7.0;-11.0;-12.0;-12.0;-12.0;-9.0;-9.0;-7.0;-8.0;-9.0;-12.0;-14.0;-13.0;-11.0;-9.0;-10.0;-12.0;-14.0;-16.0;-15.0;-15.0;-14.0;-13.0;-13.0;-14.0;-15.0;-15.0;-14.0;-13.0;-11.0;-9.0;-8.0;-8.0;-9.0;-9.0;-1.0;0.0;0.0;-2.0;-5.0;-8.0;-9.0;-4.0;1.0;6.0;6.0;2.0;-3.0;-9.0;-12.0;3.0;-3.0;-9.0;-12.0;-10.0;-5.0;-1.0;0.0;-3.0;-7.0;-9.0;-9.0;-6.0;-4.0;-2.0;-8.0;-7.0;-5.0;-3.0;-3.0;-5.0;-7.0;-8.0;-8.0;-7.0;-6.0;-5.0;-4.0;-5.0;
40.0;40.0;39.0;38.0;35.0;30.0;27.0;30.0;32.0;34.0;34.0;29.0;24.0;16.0;11.0;10.0;12.0;2.0;2.0;0.0;1.0;0.0;0.0;-1.0;-2.0;-4.0;-5.0;-7.0;-7.0;-8.0;-8.0;-9.0;-7.0;-6.0;-4.0;-3.0;-1.0;0.0;1.0;2.0;5.0;8.0;10.0;13.0;15.0;16.0;17.0;29.0;30.0;29.0;27.0;26.0;27.0;31.0;32.0;33.0;34.0;34.0;35.0;35.0;35.0;34.0;37.0;36.0;36.0;36.0;38.0;40.0;40.0;39.0;38.0;37.0;36.0;36.0;35.0;35.0;35.0;32.0;32.0;32.0;32.0;31.0;31.0;31.0;32.0;31.0;31.0;31.0;31.0;31.0;31.0;
2.0;-11.0;-14.0;29.0;23.0;13.0;3.0;-1.0;1.0;4.0;8.0;11.0;12.0;13.0;10.0;9.0;9.0;9.0;8.0;8.0;9.0;10.0;11.0;11.0;8.0;5.0;3.0;3.0;5.0;6.0;4.0;1.0;-3.0;-10.0;-12.0;-12.0;-13.0;-14.0;-15.0;-16.0;-17.0;-17.0;-16.0;-15.0;-14.0;-13.0;-13.0;-14.0;-7.0;-4.0;-4.0;-3.0;-4.0;-6.0;-9.0;-12.0;-11.0;-5.0;1.0;7.0;10.0;7.0;0.0;8.0;11.0;9.0;4.0;0.0;-3.0;-1.0;1.0;3.0;3.0;0.0;-2.0;-4.0;-3.0;0.0;-2.0;-3.0;-3.0;-1.0;1.0;3.0;3.0;1.0;0.0;-1.0;-2.0;-1.0;0.0;
0.0;29.0;34.0;47.0;53.0;58.0;63.0;64.0;64.0;63.0;63.0;62.0;63.0;63.0;63.0;62.0;60.0;57.0;48.0;45.0;42.0;39.0;37.0;35.0;33.0;31.0;29.0;25.0;21.0;17.0;14.0;11.0;8.0;-20.0;-24.0;-27.0;-30.0;-33.0;-36.0;-38.0;-40.0;-43.0;-44.0;-45.0;-47.0;-48.0;-48.0;-48.0;-46.0;-45.0;-44.0;-44.0;-44.0;-43.0;-42.0;-40.0;-37.0;-36.0;-36.0;-36.0;-37.0;-35.0;-34.0;-26.0;-25.0;-23.0;-19.0;-15.0;-12.0;-10.0;-9.0;-8.0;-6.0;-4.0;-1.0;0.0;0.0;0.0;1.0;1.0;1.0;1.0;0.0;0.0;0.0;0.0;1.0;1.0;1.0;1.0;0.0;
0.0;10.0;10.0;8.0;7.0;6.0;5.0;5.0;4.0;4.0;4.0;5.0;4.0;3.0;2.0;1.0;0.0;0.0;-2.0;-1.0;-2.0;-2.0;-1.0;-1.0;0.0;0.0;-1.0;-1.0;-1.0;-1.0;-1.0;-1.0;-1.0;0.0;0.0;0.0;-1.0;-1.0;-1.0;-2.0;-2.0;-3.0;-3.0;-4.0;-4.0;-5.0;-5.0;-5.0;-6.0;-6.0;-6.0;-6.0;-6.0;-6.0;-5.0;-5.0;-4.0;-3.0;-4.0;-6.0;-7.0;-7.0;-5.0;-6.0;-7.0;-5.0;-4.0;-2.0;-1.0;0.0;-1.0;-1.0;-2.0;-2.0;-1.0;0.0;0.0;0.0;0.0;0.0;0.0;0.0;0.0;0.0;0.0;0.0;0.0;0.0;0.0;0.0;0.0;
girasobe_nano;12
5.0;4.0;2.0;1.0;0.0;0.0;1.0;1.0;-5.0;-4.0;-6.0;-6.0;-7.0;-6.0;-7.0;-9.0;-10.0;-11.0;-12.0;-12.0;-12.0;-11.0;-10.0;-9.0;-10.0;-12.0;-12.0;-12.0;-14.0;-15.0;-16.0;-16.0;-15.0;-15.0;-16.0;-18.0;-20.0;-19.0;-18.0;-18.0;-18.0;-19.0;-18.0;-20.0;-20.0;-20.0;-20.0;-20.0;-20.0;-22.0;-22.0;-23.0;-23.0;-23.0;-22.0;-23.0;-23.0;-24.0;-29.0;-29.0;-29.0;-29.0;-28.0;-28.0;-30.0;-30.0;-31.0;-31.0;-30.0;-30.0;-29.0;-29.0;-29.0;-29.0;-30.0;-30.0;-30.0;-29.0;-29.0;-29.0;-29.0;-29.0;-29.0;-29.0;
-2.0;5.0;16.0;26.0;32.0;33.0;29.0;22.0;40.0;49.0;53.0;50.0;42.0;28.0;31.0;33.0;34.0;32.0;30.0;27.0;27.0;27.0;28.0;29.0;31.0;33.0;33.0;30.0;23.0;22.0;22.0;21.0;19.0;19.0;19.0;17.0;16.0;15.0;13.0;11.0;8.0;6.0;5.0;4.0;2.0;2.0;2.0;2.0;1.0;-1.0;-3.0;-6.0;-8.0;-8.0;-8.0;-8.0;-10.0;-11.0;-5.0;-6.0;-6.0;-5.0;-3.0;0.0;1.0;2.0;2.0;1.0;0.0;0.0;0.0;1.0;2.0;0.0;0.0;0.0;0.0;0.0;0.0;1.0;2.0;1.0;0.0;-1.0;
20.0;18.0;17.0;16.0;16.0;15.0;14.0;11.0;-22.0;-20.0;-19.0;-16.0;-18.0;-21.0;-23.0;-24.0;-26.0;-26.0;-26.0;-27.0;-27.0;-30.0;-31.0;-31.0;-31.0;-33.0;-35.0;-36.0;-29.0;-28.0;-29.0;-26.0;-22.0;-17.0;-14.0;-13.0;-11.0;-12.0;-9.0;-7.0;-5.0;-3.0;-3.0;9.0;9.0;11.0;11.0;13.0;13.0;12.0;13.0;13.0;14.0;16.0;18.0;20.0;22.0;23.0;15.0;14.0;14.0;14.0;14.0;13.0;12.0;10.0;11.0;10.0;10.0;10.0;10.0;9.0;9.0;9.0;9.0;9.0;9.0;10.0;10.0;10.0;11.0;10.0;10.0;10.0;
-5.0;-65.0;-65.0;-65.0;-65.0;-65.0;-65.0;-65.0;-65.0;-65.0;-65.0;-65.0;-65.0;-65.0;-41.0;-34.0;-26.0;-17.0;-10.0;-5.0;-4.0;-7.0;-10.0;-15.0;-16.0;-14.0;-10.0;-7.0;-5.0;0.0;1.0;1.0;-1.0;-1.0;0.0;4.0;9.0;12.0;13.0;12.0;13.0;11.0;7.0;5.0;14.0;15.0;14.0;14.0;15.0;17.0;18.0;17.0;16.0;12.0;8.0;7.0;7.0;7.0;7.0;0.0;0.0;-2.0;-4.0;-7.0;-7.0;-5.0;-3.0;-2.0;-1.0;-2.0;-3.0;-3.0;-3.0;-2.0;0.0;0.0;0.0;0.0;0.0;0.0;1.0;2.0;3.0;2.0;
-3.0;15.0;17.0;17.0;17.0;15.0;15.0;14.0;15.0;-1.0;-4.0;-4.0;-2.0;-2.0;-5.0;-5.0;-4.0;-4.0;-5.0;-6.0;-8.0;-10.0;-13.0;-16.0;-18.0;-20.0;-23.0;-26.0;-29.0;-44.0;-46.0;-48.0;-50.0;-52.0;-52.0;-51.0;-50.0;-49.0;-49.0;-49.0;-48.0;-47.0;-47.0;-46.0;-40.0;-37.0;-35.0;-33.0;-31.0;-28.0;-26.0;-24.0;-23.0;-21.0;-19.0;-17.0;-14.0;-11.0;-8.0;2.0;2.0;3.0;3.0;3.0;3.0;4.0;4.0;4.0;4.0;3.0;3.0;3.0;3.0;3.0;1.0;1.0;0.0;0.0;0.0;0.0;0.0;1.0;1.0;1.0;
0.0;10.0;14.0;16.0;15.0;12.0;10.0;10.0;12.0;18.0;20.0;20.0;20.0;19.0;12.0;11.0;10.0;9.0;9.0;8.0;8.0;9.0;11.0;13.0;15.0;17.0;18.0;20.0;22.0;29.0;30.0;31.0;32.0;32.0;32.0;32.0;31.0;30.0;30.0;30.0;30.0;30.0;30.0;29.0;25.0;25.0;25.0;24.0;23.0;22.0;21.0;20.0;18.0;17.0;15.0;13.0;12.0;9.0;6.0;-4.0;-4.0;-5.0;-5.0;-5.0;-4.0;-4.0;-4.0;-3.0;-2.0;-2.0;-1.0;-1.0;-1.0;-1.0;0.0;0.0;-1.0;-1.0;-1.0;-1.0;-1.0;-1.0;-1.0;-1.0;
swipe_nano;13
5.0;6.0;6.0;6.0;6.0;0.0;0.0;0.0;0.0;0.0;0.0;-1.0;-2.0;-4.0;-5.0;-8.0;-8.0;-6.0;-4.0;-3.0;-2.0;-1.0;0.0;0.0;0.0;0.0;0.0;-1.0;-2.0;-1.0;0.0;1.0;1.0;0.0;-1.0;-4.0;-5.0;-5.0;-5.0;-5.0;-5.0;-6.0;-6.0;-6.0;-6.0;-6.0;-6.0;-6.0;-6.0;-6.0;-6.0;-6.0;-6.0;-6.0;-6.0;-6.0;-6.0;
5.0;7.0;7.0;6.0;7.0;22.0;21.0;23.0;28.0;31.0;32.0;29.0;24.0;18.0;16.0;18.0;24.0;30.0;31.0;29.0;31.0;27.0;21.0;17.0;17.0;19.0;22.0;24.0;23.0;22.0;22.0;24.0;25.0;25.0;24.0;26.0;26.0;26.0;23.0;22.0;21.0;23.0;24.0;27.0;28.0;29.0;28.0;27.0;26.0;24.0;28.0;25.0;22.0;21.0;22.0;23.0;26.0;
30.0;30.0;31.0;31.0;29.0;25.0;24.0;23.0;21.0;17.0;14.0;13.0;14.0;18.0;19.0;19.0;19.0;19.0;20.0;17.0;28.0;28.0;27.0;26.0;23.0;24.0;26.0;26.0;29.0;31.0;30.0;32.0;32.0;30.0;28.0;21.0;20.0;21.0;21.0;20.0;19.0;19.0;19.0;17.0;17.0;17.0;16.0;16.0;17.0;16.0;18.0;17.0;17.0;16.0;16.0;17.0;17.0;
0.0;-55.0;-57.0;-59.0;-63.0;-64.0;-54.0;-53.0;-52.0;-50.0;-47.0;-41.0;-35.0;-38.0;-40.0;-44.0;-51.0;-53.0;-49.0;-41.0;-33.0;-24.0;-13.0;-9.0;-9.0;-12.0;-19.0;-18.0;-14.0;-11.0;-8.0;-8.0;-8.0;-5.0;-2.0;0.0;-1.0;0.0;1.0;3.0;2.0;0.0;-3.0;-4.0;-4.0;-2.0;0.0;2.0;3.0;3.0;2.0;6.0;8.0;6.0;2.0;-2.0;-5.0;
0.0;16.0;16.0;14.0;14.0;13.0;-3.0;-5.0;-7.0;-11.0;-14.0;-16.0;-19.0;-22.0;-26.0;-29.0;-33.0;-36.0;-38.0;-37.0;-37.0;-44.0;-40.0;-37.0;-35.0;-34.0;-34.0;-32.0;-30.0;-27.0;-24.0;-21.0;-17.0;-14.0;-11.0;-8.0;0.0;0.0;1.0;2.0;3.0;2.0;2.0;2.0;2.0;2.0;2.0;2.0;2.0;2.0;2.0;1.0;1.0;1.0;0.0;0.0;0.0;
0.0;29.0;30.0;31.0;33.0;36.0;45.0;47.0;49.0;51.0;52.0;52.0;52.0;51.0;49.0;47.0;45.0;43.0;42.0;41.0;40.0;24.0;21.0;20.0;19.0;18.0;18.0;15.0;12.0;10.0;9.0;9.0;9.0;8.0;6.0;5.0;1.0;1.0;0.0;-1.0;-1.0;-1.0;-1.0;-1.0;-1.0;-1.0;-1.0;-1.0;-1.0;-1.0;-1.0;-2.0;-2.0;-2.0;-2.0;-1.0;-1.0;
hor_valdir;14
-16.0;-14.0;-10.0;-4.0;-4.0;-8.0;-7.0;-6.0;-4.0;-4.0;-6.0;-8.0;-10.0;-11.0;-10.0;-11.0;-10.0;-9.0;-8.0;-8.0;-8.0;-8.0;-6.0;-4.0;-1.0;4.0;10.0;13.0;11.0;8.0;9.0;8.0;7.0;6.0;5.0;6.0;5.0;5.0;5.0;6.0;7.0;8.0;9.0;8.0;7.0;5.0;5.0;6.0;6.0;
56.0;57.0;53.0;52.0;50.0;45.0;41.0;38.0;33.0;32.0;38.0;44.0;49.0;49.0;46.0;47.0;45.0;40.0;35.0;33.0;32.0;29.0;24.0;18.0;11.0;-1.0;-13.0;-18.0;-14.0;-13.0;-10.0;-8.0;-8.0;-8.0;-9.0;-8.0;-7.0;-5.0;-4.0;-4.0;-6.0;-7.0;-7.0;-7.0;-6.0;-5.0;-5.0;-6.0;-7.0;
-10.0;-7.0;-12.0;-13.0;-13.0;-9.0;-3.0;-4.0;-6.0;-9.0;-9.0;-11.0;-11.0;-9.0;-7.0;-3.0;-2.0;-2.0;-3.0;0.0;4.0;6.0;8.0;8.0;7.0;9.0;14.0;19.0;18.0;19.0;31.0;31.0;30.0;30.0;30.0;30.0;31.0;31.0;32.0;32.0;33.0;34.0;34.0;32.0;32.0;33.0;33.0;33.0;32.0;
0.0;-65.0;-65.0;-65.0;-63.0;-42.0;-20.0;-28.0;-27.0;-25.0;-30.0;-31.0;-24.0;-12.0;2.0;17.0;65.0;65.0;65.0;65.0;65.0;65.0;65.0;65.0;65.0;65.0;65.0;65.0;65.0;60.0;49.0;0.0;-2.0;-3.0;-4.0;-4.0;-5.0;-5.0;-4.0;-1.0;0.0;1.0;0.0;-2.0;-4.0;-5.0;-2.0;-1.0;-1.0;
0.0;27.0;19.0;12.0;6.0;5.0;2.0;4.0;5.0;5.0;6.0;7.0;6.0;5.0;4.0;1.0;-30.0;-35.0;-40.0;-44.0;-49.0;-54.0;-58.0;-59.0;-58.0;-54.0;-51.0;-44.0;-32.0;-21.0;-15.0;-1.0;0.0;0.0;0.0;0.0;0.0;0.0;0.0;-1.0;-2.0;-3.0;-2.0;0.0;0.0;0.0;0.0;0.0;0.0;
-1.0;-4.0;-3.0;3.0;18.0;20.0;21.0;17.0;3.0;1.0;5.0;5.0;4.0;3.0;3.0;2.0;2.0;0.0;-1.0;-2.0;-1.0;0.0;1.0;2.0;5.0;9.0;13.0;10.0;1.0;-14.0;-21.0;0.0;0.0;0.0;0.0;0.0;0.0;-1.0;-1.0;-2.0;-1.0;-1.0;0.0;0.0;0.0;0.0;0.0;0.0;0.0;
ant_hor;15
-3.0;-6.0;-7.0;-6.0;-2.0;8.0;12.0;16.0;19.0;20.0;21.0;21.0;18.0;13.0;10.0;8.0;8.0;10.0;11.0;11.0;13.0;12.0;12.0;11.0;10.0;10.0;11.0;10.0;8.0;6.0;2.0;-1.0;-3.0;-5.0;-6.0;-1.0;0.0;1.0;2.0;2.0;2.0;1.0;0.0;0.0;0.0;0.0;0.0;0.0;0.0;1.0;1.0;1.0;1.0;1.0;1.0;1.0;0.0;0.0;1.0;1.0;1.0;1.0;1.0;
31.0;41.0;47.0;43.0;32.0;-20.0;-32.0;-42.0;-47.0;-49.0;-53.0;-55.0;-49.0;-38.0;-26.0;-19.0;-18.0;-22.0;-26.0;-29.0;-35.0;-34.0;-33.0;-32.0;-29.0;-25.0;-18.0;-10.0;-1.0;6.0;15.0;23.0;29.0;33.0;34.0;39.0;29.0;19.0;12.0;8.0;8.0;10.0;14.0;18.0;21.0;23.0;23.0;22.0;20.0;18.0;14.0;16.0;18.0;20.0;20.0;20.0;19.0;19.0;18.0;16.0;16.0;16.0;15.0;
39.0;35.0;37.0;32.0;24.0;4.0;6.0;8.0;10.0;11.0;13.0;14.0;13.0;12.0;16.0;18.0;20.0;20.0;20.0;20.0;15.0;14.0;14.0;13.0;14.0;16.0;20.0;18.0;16.0;15.0;17.0;18.0;19.0;19.0;20.0;18.0;20.0;22.0;24.0;27.0;28.0;27.0;27.0;27.0;27.0;28.0;28.0;27.0;27.0;27.0;26.0;26.0;26.0;26.0;26.0;27.0;27.0;27.0;27.0;28.0;28.0;28.0;27.0;
-3.0;7.0;42.0;65.0;65.0;65.0;65.0;65.0;62.0;45.0;28.0;16.0;2.0;-11.0;-20.0;-22.0;-17.0;-9.0;-4.0;-5.0;-8.0;-52.0;-65.0;-65.0;-65.0;-65.0;-65.0;-65.0;-65.0;-65.0;-65.0;-65.0;-65.0;-65.0;-65.0;-65.0;29.0;40.0;41.0;34.0;22.0;9.0;0.0;-4.0;-6.0;-4.0;0.0;3.0;6.0;9.0;11.0;-5.0;-6.0;-6.0;-4.0;-1.0;0.0;3.0;5.0;6.0;6.0;6.0;4.0;
0.0;1.0;-7.0;-17.0;-27.0;-35.0;-31.0;-31.0;-25.0;-18.0;-10.0;-5.0;-1.0;2.0;5.0;6.0;4.0;0.0;-1.0;-1.0;0.0;11.0;13.0;16.0;19.0;24.0;30.0;36.0;39.0;38.0;37.0;34.0;31.0;27.0;23.0;19.0;-4.0;-5.0;-5.0;-4.0;-3.0;-2.0;-1.0;-1.0;0.0;0.0;0.0;0.0;0.0;0.0;0.0;0.0;0.0;0.0;0.0;0.0;0.0;0.0;-1.0;-1.0;-1.0;-1.0;-1.0;
0.0;4.0;6.0;5.0;1.0;0.0;17.0;10.0;-9.0;-26.0;-30.0;-22.0;-8.0;5.0;1.0;-3.0;-2.0;-2.0;-3.0;-5.0;-5.0;-10.0;-10.0;-11.0;-10.0;-9.0;-7.0;-4.0;-3.0;-3.0;-1.0;-1.0;-2.0;-3.0;-3.0;-3.0;-3.0;-4.0;-1.0;1.0;2.0;3.0;3.0;4.0;3.0;2.0;0.0;0.0;0.0;-1.0;-1.0;0.0;0.0;0.0;0.0;0.0;0.0;0.0;0.0;-1.0;0.0;0.0;0.0;
cimabaixo_valdir;16
-4.0;-6.0;-8.0;-11.0;-12.0;-13.0;-15.0;-16.0;-17.0;-16.0;-16.0;-16.0;-16.0;-17.0;-18.0;-18.0;-19.0;-21.0;-22.0;-24.0;-23.0;-22.0;-19.0;-15.0;-12.0;-11.0;-12.0;-9.0;34.0;34.0;28.0;16.0;2.0;0.0;2.0;7.0;9.0;7.0;5.0;3.0;3.0;4.0;5.0;3.0;3.0;3.0;4.0;3.0;3.0;3.0;4.0;4.0;4.0;5.0;5.0;5.0;5.0;5.0;5.0;
2.0;-3.0;-9.0;-12.0;-11.0;-10.0;-10.0;-9.0;-9.0;-10.0;-11.0;-10.0;-11.0;-10.0;-9.0;-8.0;-8.0;-8.0;-9.0;-7.0;-4.0;-3.0;-2.0;-1.0;0.0;3.0;6.0;5.0;20.0;4.0;-8.0;-25.0;-28.0;-25.0;-15.0;-4.0;2.0;6.0;8.0;7.0;5.0;1.0;-1.0;0.0;0.0;0.0;0.0;1.0;0.0;0.0;0.0;0.0;-1.0;-1.0;-2.0;-2.0;-2.0;-2.0;0.0;
31.0;28.0;26.0;23.0;20.0;18.0;16.0;14.0;14.0;14.0;13.0;13.0;12.0;9.0;8.0;8.0;8.0;6.0;6.0;6.0;8.0;11.0;16.0;22.0;27.0;37.0;41.0;31.0;32.0;35.0;38.0;48.0;50.0;54.0;52.0;47.0;42.0;40.0;40.0;40.0;39.0;39.0;40.0;33.0;32.0;32.0;32.0;32.0;32.0;32.0;32.0;33.0;34.0;33.0;33.0;33.0;33.0;32.0;32.0;
1.0;3.0;7.0;9.0;7.0;3.0;1.0;0.0;0.0;0.0;0.0;0.0;0.0;0.0;-7.0;-8.0;-9.0;-9.0;-8.0;-9.0;-10.0;-9.0;-9.0;-11.0;-17.0;-24.0;-25.0;-11.0;4.0;39.0;48.0;38.0;26.0;0.0;-14.0;-27.0;-33.0;-33.0;-28.0;-19.0;-10.0;-2.0;2.0;3.0;-7.0;-6.0;-6.0;-5.0;-4.0;-2.0;0.0;0.0;0.0;1.0;0.0;0.0;0.0;-1.0;-2.0;
0.0;52.0;50.0;48.0;46.0;44.0;41.0;37.0;33.0;30.0;26.0;23.0;21.0;18.0;2.0;0.0;-3.0;-7.0;-12.0;-17.0;-25.0;-34.0;-44.0;-54.0;-61.0;-65.0;-65.0;-61.0;-56.0;-46.0;-35.0;-13.0;-6.0;-13.0;-5.0;-3.0;0.0;0.0;0.0;0.0;-1.0;-3.0;-4.0;-3.0;0.0;0.0;0.0;0.0;0.0;0.0;0.0;-1.0;-1.0;-1.0;-1.0;0.0;0.0;0.0;0.0;
0.0;21.0;20.0;18.0;16.0;14.0;12.0;10.0;8.0;6.0;5.0;3.0;2.0;0.0;-9.0;-11.0;-11.0;-12.0;-13.0;-14.0;-15.0;-16.0;-17.0;-18.0;-18.0;-19.0;-22.0;-27.0;-29.0;-18.0;-13.0;-15.0;-13.0;-4.0;1.0;2.0;3.0;4.0;3.0;3.0;1.0;0.0;0.0;-1.0;1.0;1.0;1.0;1.0;1.0;1.0;1.0;1.0;1.0;1.0;1.0;1.0;1.0;1.0;0.0;
girasobe_valdir;17
-30.0;-10.0;3.0;11.0;10.0;-1.0;-15.0;-14.0;-14.0;-15.0;-15.0;-15.0;-13.0;-12.0;-12.0;-11.0;-10.0;-8.0;-7.0;-5.0;-5.0;-3.0;-17.0;-21.0;-23.0;-23.0;-19.0;-16.0;-13.0;-15.0;-15.0;-18.0;-22.0;-23.0;-23.0;-21.0;-20.0;-26.0;-27.0;-28.0;-29.0;-30.0;-30.0;-30.0;-30.0;-31.0;-31.0;-32.0;-32.0;-33.0;-33.0;-32.0;-30.0;-31.0;-31.0;-31.0;-31.0;-31.0;-31.0;-30.0;-31.0;-31.0;-31.0;-31.0;-31.0;-31.0;-32.0;-31.0;
54.0;40.0;23.0;6.0;6.0;14.0;29.0;29.0;32.0;33.0;33.0;31.0;31.0;31.0;31.0;29.0;27.0;27.0;27.0;31.0;32.0;32.0;14.0;12.0;10.0;7.0;1.0;-8.0;-17.0;-19.0;-10.0;1.0;8.0;8.0;5.0;2.0;-1.0;-2.0;-1.0;0.0;0.0;0.0;0.0;0.0;0.0;0.0;1.0;2.0;3.0;3.0;3.0;2.0;1.0;1.0;2.0;3.0;3.0;3.0;2.0;2.0;2.0;2.0;2.0;2.0;3.0;3.0;3.0;1.0;
-16.0;-3.0;7.0;-3.0;-10.0;-20.0;-18.0;-24.0;-25.0;-28.0;-30.0;-29.0;-29.0;-31.0;-32.0;-35.0;-39.0;-42.0;-45.0;-45.0;-46.0;-42.0;-13.0;-9.0;-9.0;-7.0;-5.0;0.0;7.0;16.0;20.0;22.0;20.0;19.0;18.0;17.0;15.0;12.0;10.0;8.0;6.0;5.0;4.0;2.0;0.0;0.0;0.0;-1.0;-2.0;-2.0;-2.0;-2.0;-3.0;-3.0;-2.0;-1.0;-1.0;-1.0;-1.0;-1.0;-2.0;-2.0;-2.0;-2.0;-2.0;-2.0;-2.0;-2.0;
-1.0;-7.0;0.0;-4.0;-38.0;-45.0;-54.0;-56.0;-20.0;-21.0;-19.0;-18.0;-19.0;-20.0;-21.0;-23.0;-24.0;-30.0;-37.0;-45.0;-49.0;-49.0;-50.0;-20.0;-16.0;-11.0;-7.0;0.0;2.0;-3.0;-11.0;-26.0;-28.0;-22.0;-14.0;-6.0;-1.0;2.0;-4.0;-2.0;-1.0;0.0;1.0;1.0;0.0;0.0;0.0;-1.0;-2.0;-1.0;0.0;0.0;0.0;0.0;0.0;0.0;0.0;0.0;1.0;1.0;1.0;1.0;0.0;0.0;0.0;0.0;0.0;0.0;
0.0;-18.0;-16.0;-7.0;21.0;16.0;17.0;15.0;0.0;-1.0;-4.0;-6.0;-8.0;-10.0;-13.0;-15.0;-19.0;-22.0;-27.0;-33.0;-40.0;-48.0;-54.0;-65.0;-65.0;-64.0;-64.0;-65.0;-65.0;-58.0;-50.0;-43.0;-36.0;-32.0;-30.0;-27.0;-24.0;-21.0;2.0;3.0;5.0;6.0;6.0;7.0;8.0;8.0;8.0;8.0;8.0;8.0;7.0;6.0;6.0;3.0;2.0;2.0;2.0;2.0;2.0;2.0;2.0;2.0;2.0;2.0;2.0;2.0;1.0;1.0;
0.0;6.0;19.0;24.0;15.0;5.0;3.0;3.0;7.0;8.0;8.0;10.0;11.0;13.0;15.0;17.0;20.0;22.0;25.0;27.0;30.0;32.0;34.0;36.0;34.0;34.0;32.0;28.0;23.0;19.0;17.0;19.0;17.0;14.0;11.0;10.0;9.0;7.0;-3.0;-3.0;-4.0;-4.0;-5.0;-5.0;-5.0;-5.0;-4.0;-4.0;-3.0;-2.0;-2.0;-2.0;-1.0;-1.0;-1.0;-1.0;-1.0;-1.0;-2.0;-2.0;-2.0;-2.0;-2.0;-2.0;-2.0;-2.0;-1.0;-1.0;
swipe_valdir;18
-11.0;-13.0;-19.0;-20.0;-6.0;0.0;-1.0;-4.0;-9.0;-12.0;-12.0;-8.0;-3.0;0.0;1.0;0.0;-1.0;-4.0;-5.0;-5.0;-16.0;-18.0;-19.0;-20.0;-19.0;-18.0;-18.0;-18.0;-18.0;-18.0;-18.0;-18.0;-19.0;-19.0;-19.0;-19.0;-18.0;-18.0;-18.0;-18.0;-18.0;-18.0;-18.0;-18.0;-18.0;-18.0;-18.0;-18.0;-18.0;-18.0;-17.0;-18.0;
49.0;62.0;65.0;65.0;65.0;5.0;10.0;24.0;36.0;42.0;40.0;33.0;24.0;17.0;17.0;22.0;27.0;31.0;31.0;26.0;36.0;38.0;37.0;34.0;30.0;28.0;27.0;27.0;26.0;25.0;26.0;26.0;26.0;25.0;25.0;26.0;26.0;25.0;25.0;25.0;25.0;26.0;26.0;26.0;26.0;26.0;26.0;26.0;26.0;26.0;25.0;25.0;
-65.0;-65.0;-65.0;-65.0;-43.0;3.0;8.0;12.0;11.0;17.0;24.0;30.0;33.0;36.0;39.0;39.0;40.0;38.0;36.0;34.0;7.0;5.0;3.0;2.0;2.0;2.0;1.0;0.0;0.0;0.0;0.0;0.0;0.0;0.0;1.0;3.0;3.0;3.0;3.0;4.0;4.0;4.0;4.0;4.0;4.0;4.0;4.0;4.0;4.0;4.0;4.0;4.0;
1.0;-65.0;-65.0;-65.0;-65.0;-65.0;-49.0;-54.0;-59.0;-54.0;-43.0;-27.0;-17.0;-15.0;-19.0;-23.0;-23.0;-21.0;-14.0;-6.0;0.0;-8.0;-4.0;0.0;3.0;4.0;3.0;3.0;2.0;2.0;2.0;1.0;1.0;2.0;2.0;1.0;1.0;2.0;2.0;1.0;1.0;0.0;0.0;0.0;0.0;0.0;0.0;0.0;0.0;0.0;0.0;0.0;
0.0;-16.0;-39.0;-58.0;-65.0;-65.0;-65.0;-65.0;-65.0;-65.0;-65.0;-65.0;-65.0;-64.0;-56.0;-47.0;-38.0;-30.0;-23.0;-18.0;-13.0;12.0;12.0;10.0;8.0;7.0;7.0;7.0;7.0;6.0;6.0;6.0;5.0;4.0;4.0;4.0;2.0;1.0;1.0;1.0;1.0;1.0;1.0;1.0;1.0;1.0;1.0;1.0;1.0;1.0;1.0;0.0;
0.0;-65.0;-65.0;-65.0;-65.0;51.0;31.0;31.0;29.0;25.0;21.0;16.0;14.0;13.0;10.0;7.0;5.0;2.0;-1.0;-3.0;-5.0;-10.0;-10.0;-9.0;-9.0;-8.0;-8.0;-7.0;-7.0;-7.0;-7.0;-6.0;-6.0;-5.0;-5.0;-4.0;-2.0;-2.0;-2.0;-1.0;-1.0;-1.0;-1.0;-1.0;0.0;0.0;0.0;0.0;0.0;0.0;0.0;-1.0;
