sdgsdgsdg
-15.0;-18.0;-21.0;-12.0;-18.0;-21.0;-29.0;-34.0;-37.0;-30.0;-15.0;0.0;8.0;5.0;-22.0;-65.0;-23.0;-10.0;-6.0;12.0;14.0;19.0;-2.0;-37.0;-52.0;-33.0;-17.0;-3.0;1.0;0.0;0.0;-14.0;-47.0;-40.0;-25.0;-11.0;2.0;11.0;9.0;8.0;-10.0;-27.0;-17.0;-13.0;-3.0;-7.0;0.0;-2.0;-4.0;-10.0;-1.0;-10.0;-3.0;8.0;8.0;7.0;11.0;0.0;5.0;2.0;0.0;0.0;0.0;0.0;0.0;0.0;0.0;0.0;0.0;0.0;0.0;0.0;0.0;0.0;0.0;0.0;0.0;0.0;0.0;0.0;0.0;0.0;0.0;0.0;0.0;0.0;0.0;0.0;0.0;0.0;0.0;0.0;0.0;0.0;0.0;0.0;0.0;0.0;0.0;0.0;
-3.0;-3.0;-4.0;-8.0;-11.0;-14.0;-24.0;-33.0;-34.0;-19.0;-11.0;0.0;3.0;-2.0;-25.0;-26.0;35.0;21.0;-4.0;5.0;4.0;2.0;-17.0;-1.0;-15.0;-12.0;-13.0;-8.0;-3.0;-3.0;-8.0;-37.0;-10.0;31.0;13.0;2.0;2.0;9.0;9.0;8.0;-2.0;-16.0;8.0;12.0;-1.0;-4.0;-5.0;-6.0;-13.0;34.0;42.0;25.0;7.0;5.0;9.0;13.0;5.0;12.0;25.0;26.0;10.0;0.0;0.0;0.0;0.0;0.0;0.0;0.0;0.0;0.0;0.0;0.0;0.0;0.0;0.0;0.0;0.0;0.0;0.0;0.0;0.0;0.0;0.0;0.0;0.0;0.0;0.0;0.0;0.0;0.0;0.0;0.0;0.0;0.0;0.0;0.0;0.0;0.0;0.0;0.0;
28.0;27.0;23.0;20.0;20.0;17.0;21.0;16.0;13.0;10.0;0.0;-14.0;-22.0;-14.0;12.0;55.0;65.0;62.0;19.0;-12.0;-14.0;-11.0;40.0;65.0;65.0;48.0;22.0;-1.0;-17.0;-28.0;-20.0;23.0;65.0;65.0;47.0;19.0;-3.0;-13.0;-10.0;9.0;41.0;65.0;65.0;46.0;31.0;11.0;-15.0;-8.0;31.0;65.0;65.0;49.0;17.0;-4.0;-9.0;-1.0;29.0;65.0;65.0;55.0;37.0;0.0;0.0;0.0;0.0;0.0;0.0;0.0;0.0;0.0;0.0;0.0;0.0;0.0;0.0;0.0;0.0;0.0;0.0;0.0;0.0;0.0;0.0;0.0;0.0;0.0;0.0;0.0;0.0;0.0;0.0;0.0;0.0;0.0;0.0;0.0;0.0;0.0;0.0;0.0;
28.0;28.0;26.0;24.0;25.0;25.0;25.0;25.0;25.0;25.0;24.0;0.0;0.0;63.0;25.0;27.0;27.0;25.0;63.0;63.0;63.0;63.0;24.0;27.0;27.0;26.0;25.0;63.0;63.0;63.0;63.0;25.0;27.0;27.0;28.0;63.0;11.0;63.0;0.0;-54.0;25.0;27.0;63.0;27.0;63.0;63.0;63.0;63.0;25.0;27.0;63.0;29.0;0.0;-14.0;-16.0;0.0;0.0;0.0;0.0;0.0;0.0;0.0;0.0;0.0;0.0;0.0;0.0;0.0;0.0;0.0;0.0;0.0;0.0;0.0;0.0;0.0;0.0;0.0;0.0;0.0;0.0;0.0;0.0;0.0;0.0;0.0;0.0;0.0;0.0;0.0;0.0;0.0;0.0;0.0;0.0;0.0;0.0;0.0;0.0;0.0;
29.0;29.0;29.0;29.0;25.0;26.0;26.0;26.0;26.0;29.0;25.0;26.0;25.0;25.0;27.0;27.0;29.0;29.0;25.0;25.0;25.0;25.0;29.0;29.0;27.0;25.0;26.0;23.0;25.0;25.0;25.0;28.0;24.0;29.0;29.0;25.0;63.0;25.0;24.0;0.0;29.0;27.0;27.0;29.0;26.0;25.0;25.0;23.0;29.0;29.0;27.0;29.0;28.0;63.0;63.0;25.0;29.0;27.0;27.0;27.0;0.0;0.0;0.0;0.0;0.0;0.0;0.0;0.0;0.0;0.0;0.0;0.0;0.0;0.0;0.0;0.0;0.0;0.0;0.0;0.0;0.0;0.0;0.0;0.0;0.0;0.0;0.0;0.0;0.0;0.0;0.0;0.0;0.0;0.0;0.0;0.0;0.0;0.0;0.0;0.0;
23.0;23.0;23.0;23.0;23.0;23.0;23.0;23.0;23.0;23.0;23.0;23.0;23.0;29.0;23.0;23.0;26.0;25.0;26.0;29.0;29.0;29.0;25.0;23.0;23.0;23.0;23.0;28.0;29.0;29.0;29.0;23.0;23.0;26.0;25.0;25.0;23.0;29.0;23.0;29.0;23.0;23.0;28.0;25.0;25.0;26.0;29.0;27.0;25.0;26.0;25.0;25.0;29.0;23.0;23.0;29.0;29.0;29.0;29.0;29.0;0.0;0.0;0.0;0.0;0.0;0.0;0.0;0.0;0.0;0.0;0.0;0.0;0.0;0.0;0.0;0.0;0.0;0.0;0.0;0.0;0.0;0.0;0.0;0.0;0.0;0.0;0.0;0.0;0.0;0.0;0.0;0.0;0.0;0.0;0.0;0.0;0.0;0.0;0.0;0.0;
463634643
-15.0;-18.0;-21.0;-12.0;-18.0;-21.0;-29.0;-34.0;-37.0;-30.0;-15.0;0.0;8.0;5.0;-22.0;-65.0;-23.0;-10.0;-6.0;12.0;14.0;19.0;-2.0;-37.0;-52.0;-33.0;-17.0;-3.0;1.0;0.0;0.0;-14.0;-47.0;-40.0;-25.0;-11.0;2.0;11.0;9.0;8.0;-10.0;-27.0;-17.0;-13.0;-3.0;-7.0;0.0;-2.0;-4.0;-10.0;-1.0;-10.0;-3.0;8.0;8.0;7.0;11.0;0.0;5.0;2.0;0.0;0.0;0.0;0.0;0.0;0.0;0.0;0.0;0.0;0.0;0.0;0.0;0.0;0.0;0.0;0.0;0.0;0.0;0.0;0.0;0.0;0.0;0.0;0.0;0.0;0.0;0.0;0.0;0.0;0.0;0.0;0.0;0.0;0.0;0.0;0.0;0.0;0.0;0.0;0.0;
-3.0;-3.0;-4.0;-8.0;-11.0;-14.0;-24.0;-33.0;-34.0;-19.0;-11.0;0.0;3.0;-2.0;-25.0;-26.0;35.0;21.0;-4.0;5.0;4.0;2.0;-17.0;-1.0;-15.0;-12.0;-13.0;-8.0;-3.0;-3.0;-8.0;-37.0;-10.0;31.0;13.0;2.0;2.0;9.0;9.0;8.0;-2.0;-16.0;8.0;12.0;-1.0;-4.0;-5.0;-6.0;-13.0;34.0;42.0;25.0;7.0;5.0;9.0;13.0;5.0;12.0;25.0;26.0;10.0;0.0;0.0;0.0;0.0;0.0;0.0;0.0;0.0;0.0;0.0;0.0;0.0;0.0;0.0;0.0;0.0;0.0;0.0;0.0;0.0;0.0;0.0;0.0;0.0;0.0;0.0;0.0;0.0;0.0;0.0;0.0;0.0;0.0;0.0;0.0;0.0;0.0;0.0;0.0;
28.0;27.0;23.0;20.0;20.0;17.0;21.0;16.0;13.0;10.0;0.0;-14.0;-22.0;-14.0;12.0;55.0;65.0;62.0;19.0;-12.0;-14.0;-11.0;40.0;65.0;65.0;48.0;22.0;-1.0;-17.0;-28.0;-20.0;23.0;65.0;65.0;47.0;19.0;-3.0;-13.0;-10.0;9.0;41.0;65.0;65.0;46.0;31.0;11.0;-15.0;-8.0;31.0;65.0;65.0;49.0;17.0;-4.0;-9.0;-1.0;29.0;65.0;65.0;55.0;37.0;0.0;0.0;0.0;0.0;0.0;0.0;0.0;0.0;0.0;0.0;0.0;0.0;0.0;0.0;0.0;0.0;0.0;0.0;0.0;0.0;0.0;0.0;0.0;0.0;0.0;0.0;0.0;0.0;0.0;0.0;0.0;0.0;0.0;0.0;0.0;0.0;0.0;0.0;0.0;
28.0;28.0;26.0;24.0;25.0;25.0;25.0;25.0;25.0;25.0;24.0;0.0;0.0;63.0;25.0;27.0;27.0;25.0;63.0;63.0;63.0;63.0;24.0;27.0;27.0;26.0;25.0;63.0;63.0;63.0;63.0;25.0;27.0;27.0;28.0;63.0;11.0;63.0;0.0;-54.0;25.0;27.0;63.0;27.0;63.0;63.0;63.0;63.0;25.0;27.0;63.0;29.0;0.0;-14.0;-16.0;0.0;0.0;0.0;0.0;0.0;0.0;0.0;0.0;0.0;0.0;0.0;0.0;0.0;0.0;0.0;0.0;0.0;0.0;0.0;0.0;0.0;0.0;0.0;0.0;0.0;0.0;0.0;0.0;0.0;0.0;0.0;0.0;0.0;0.0;0.0;0.0;0.0;0.0;0.0;0.0;0.0;0.0;0.0;0.0;0.0;
29.0;29.0;29.0;29.0;25.0;26.0;26.0;26.0;26.0;29.0;25.0;26.0;25.0;25.0;27.0;27.0;29.0;29.0;25.0;25.0;25.0;25.0;29.0;29.0;27.0;25.0;26.0;23.0;25.0;25.0;25.0;28.0;24.0;29.0;29.0;25.0;63.0;25.0;24.0;0.0;29.0;27.0;27.0;29.0;26.0;25.0;25.0;23.0;29.0;29.0;27.0;29.0;28.0;63.0;63.0;25.0;29.0;27.0;27.0;27.0;0.0;0.0;0.0;0.0;0.0;0.0;0.0;0.0;0.0;0.0;0.0;0.0;0.0;0.0;0.0;0.0;0.0;0.0;0.0;0.0;0.0;0.0;0.0;0.0;0.0;0.0;0.0;0.0;0.0;0.0;0.0;0.0;0.0;0.0;0.0;0.0;0.0;0.0;0.0;0.0;
23.0;23.0;23.0;23.0;23.0;23.0;23.0;23.0;23.0;23.0;23.0;23.0;23.0;29.0;23.0;23.0;26.0;25.0;26.0;29.0;29.0;29.0;25.0;23.0;23.0;23.0;23.0;28.0;29.0;29.0;29.0;23.0;23.0;26.0;25.0;25.0;23.0;29.0;23.0;29.0;23.0;23.0;28.0;25.0;25.0;26.0;29.0;27.0;25.0;26.0;25.0;25.0;29.0;23.0;23.0;29.0;29.0;29.0;29.0;29.0;0.0;0.0;0.0;0.0;0.0;0.0;0.0;0.0;0.0;0.0;0.0;0.0;0.0;0.0;0.0;0.0;0.0;0.0;0.0;0.0;0.0;0.0;0.0;0.0;0.0;0.0;0.0;0.0;0.0;0.0;0.0;0.0;0.0;0.0;0.0;0.0;0.0;0.0;0.0;0.0;
,jk.jk.jk.kj.
-15.0;-18.0;-21.0;-12.0;-18.0;-21.0;-29.0;-34.0;-37.0;-30.0;-15.0;0.0;8.0;5.0;-22.0;-65.0;-23.0;-10.0;-6.0;12.0;14.0;19.0;-2.0;-37.0;-52.0;-33.0;-17.0;-3.0;1.0;0.0;0.0;-14.0;-47.0;-40.0;-25.0;-11.0;2.0;11.0;9.0;8.0;-10.0;-27.0;-17.0;-13.0;-3.0;-7.0;0.0;-2.0;-4.0;-10.0;-1.0;-10.0;-3.0;8.0;8.0;7.0;11.0;0.0;5.0;2.0;0.0;0.0;0.0;0.0;0.0;0.0;0.0;0.0;0.0;0.0;0.0;0.0;0.0;0.0;0.0;0.0;0.0;0.0;0.0;0.0;0.0;0.0;0.0;0.0;0.0;0.0;0.0;0.0;0.0;0.0;0.0;0.0;0.0;0.0;0.0;0.0;0.0;0.0;0.0;0.0;
-3.0;-3.0;-4.0;-8.0;-11.0;-14.0;-24.0;-33.0;-34.0;-19.0;-11.0;0.0;3.0;-2.0;-25.0;-26.0;35.0;21.0;-4.0;5.0;4.0;2.0;-17.0;-1.0;-15.0;-12.0;-13.0;-8.0;-3.0;-3.0;-8.0;-37.0;-10.0;31.0;13.0;2.0;2.0;9.0;9.0;8.0;-2.0;-16.0;8.0;12.0;-1.0;-4.0;-5.0;-6.0;-13.0;34.0;42.0;25.0;7.0;5.0;9.0;13.0;5.0;12.0;25.0;26.0;10.0;0.0;0.0;0.0;0.0;0.0;0.0;0.0;0.0;0.0;0.0;0.0;0.0;0.0;0.0;0.0;0.0;0.0;0.0;0.0;0.0;0.0;0.0;0.0;0.0;0.0;0.0;0.0;0.0;0.0;0.0;0.0;0.0;0.0;0.0;0.0;0.0;0.0;0.0;0.0;
28.0;27.0;23.0;20.0;20.0;17.0;21.0;16.0;13.0;10.0;0.0;-14.0;-22.0;-14.0;12.0;55.0;65.0;62.0;19.0;-12.0;-14.0;-11.0;40.0;65.0;65.0;48.0;22.0;-1.0;-17.0;-28.0;-20.0;23.0;65.0;65.0;47.0;19.0;-3.0;-13.0;-10.0;9.0;41.0;65.0;65.0;46.0;31.0;11.0;-15.0;-8.0;31.0;65.0;65.0;49.0;17.0;-4.0;-9.0;-1.0;29.0;65.0;65.0;55.0;37.0;0.0;0.0;0.0;0.0;0.0;0.0;0.0;0.0;0.0;0.0;0.0;0.0;0.0;0.0;0.0;0.0;0.0;0.0;0.0;0.0;0.0;0.0;0.0;0.0;0.0;0.0;0.0;0.0;0.0;0.0;0.0;0.0;0.0;0.0;0.0;0.0;0.0;0.0;0.0;
28.0;28.0;26.0;24.0;25.0;25.0;25.0;25.0;25.0;25.0;24.0;0.0;0.0;63.0;25.0;27.0;27.0;25.0;63.0;63.0;63.0;63.0;24.0;27.0;27.0;26.0;25.0;63.0;63.0;63.0;63.0;25.0;27.0;27.0;28.0;63.0;11.0;63.0;0.0;-54.0;25.0;27.0;63.0;27.0;63.0;63.0;63.0;63.0;25.0;27.0;63.0;29.0;0.0;-14.0;-16.0;0.0;0.0;0.0;0.0;0.0;0.0;0.0;0.0;0.0;0.0;0.0;0.0;0.0;0.0;0.0;0.0;0.0;0.0;0.0;0.0;0.0;0.0;0.0;0.0;0.0;0.0;0.0;0.0;0.0;0.0;0.0;0.0;0.0;0.0;0.0;0.0;0.0;0.0;0.0;0.0;0.0;0.0;0.0;0.0;0.0;
29.0;29.0;29.0;29.0;25.0;26.0;26.0;26.0;26.0;29.0;25.0;26.0;25.0;25.0;27.0;27.0;29.0;29.0;25.0;25.0;25.0;25.0;29.0;29.0;27.0;25.0;26.0;23.0;25.0;25.0;25.0;28.0;24.0;29.0;29.0;25.0;63.0;25.0;24.0;0.0;29.0;27.0;27.0;29.0;26.0;25.0;25.0;23.0;29.0;29.0;27.0;29.0;28.0;63.0;63.0;25.0;29.0;27.0;27.0;27.0;0.0;0.0;0.0;0.0;0.0;0.0;0.0;0.0;0.0;0.0;0.0;0.0;0.0;0.0;0.0;0.0;0.0;0.0;0.0;0.0;0.0;0.0;0.0;0.0;0.0;0.0;0.0;0.0;0.0;0.0;0.0;0.0;0.0;0.0;0.0;0.0;0.0;0.0;0.0;0.0;
23.0;23.0;23.0;23.0;23.0;23.0;23.0;23.0;23.0;23.0;23.0;23.0;23.0;29.0;23.0;23.0;26.0;25.0;26.0;29.0;29.0;29.0;25.0;23.0;23.0;23.0;23.0;28.0;29.0;29.0;29.0;23.0;23.0;26.0;25.0;25.0;23.0;29.0;23.0;29.0;23.0;23.0;28.0;25.0;25.0;26.0;29.0;27.0;25.0;26.0;25.0;25.0;29.0;23.0;23.0;29.0;29.0;29.0;29.0;29.0;0.0;0.0;0.0;0.0;0.0;0.0;0.0;0.0;0.0;0.0;0.0;0.0;0.0;0.0;0.0;0.0;0.0;0.0;0.0;0.0;0.0;0.0;0.0;0.0;0.0;0.0;0.0;0.0;0.0;0.0;0.0;0.0;0.0;0.0;0.0;0.0;0.0;0.0;0.0;0.0;
rturturturtu
-15.0;-18.0;-21.0;-12.0;-18.0;-21.0;-29.0;-34.0;-37.0;-30.0;-15.0;0.0;8.0;5.0;-22.0;-65.0;-23.0;-10.0;-6.0;12.0;14.0;19.0;-2.0;-37.0;-52.0;-33.0;-17.0;-3.0;1.0;0.0;0.0;-14.0;-47.0;-40.0;-25.0;-11.0;2.0;11.0;9.0;8.0;-10.0;-27.0;-17.0;-13.0;-3.0;-7.0;0.0;-2.0;-4.0;-10.0;-1.0;-10.0;-3.0;8.0;8.0;7.0;11.0;0.0;5.0;2.0;0.0;0.0;0.0;0.0;0.0;0.0;0.0;0.0;0.0;0.0;0.0;0.0;0.0;0.0;0.0;0.0;0.0;0.0;0.0;0.0;0.0;0.0;0.0;0.0;0.0;0.0;0.0;0.0;0.0;0.0;0.0;0.0;0.0;0.0;0.0;0.0;0.0;0.0;0.0;0.0;
-3.0;-3.0;-4.0;-8.0;-11.0;-14.0;-24.0;-33.0;-34.0;-19.0;-11.0;0.0;3.0;-2.0;-25.0;-26.0;35.0;21.0;-4.0;5.0;4.0;2.0;-17.0;-1.0;-15.0;-12.0;-13.0;-8.0;-3.0;-3.0;-8.0;-37.0;-10.0;31.0;13.0;2.0;2.0;9.0;9.0;8.0;-2.0;-16.0;8.0;12.0;-1.0;-4.0;-5.0;-6.0;-13.0;34.0;42.0;25.0;7.0;5.0;9.0;13.0;5.0;12.0;25.0;26.0;10.0;0.0;0.0;0.0;0.0;0.0;0.0;0.0;0.0;0.0;0.0;0.0;0.0;0.0;0.0;0.0;0.0;0.0;0.0;0.0;0.0;0.0;0.0;0.0;0.0;0.0;0.0;0.0;0.0;0.0;0.0;0.0;0.0;0.0;0.0;0.0;0.0;0.0;0.0;0.0;
28.0;27.0;23.0;20.0;20.0;17.0;21.0;16.0;13.0;10.0;0.0;-14.0;-22.0;-14.0;12.0;55.0;65.0;62.0;19.0;-12.0;-14.0;-11.0;40.0;65.0;65.0;48.0;22.0;-1.0;-17.0;-28.0;-20.0;23.0;65.0;65.0;47.0;19.0;-3.0;-13.0;-10.0;9.0;41.0;65.0;65.0;46.0;31.0;11.0;-15.0;-8.0;31.0;65.0;65.0;49.0;17.0;-4.0;-9.0;-1.0;29.0;65.0;65.0;55.0;37.0;0.0;0.0;0.0;0.0;0.0;0.0;0.0;0.0;0.0;0.0;0.0;0.0;0.0;0.0;0.0;0.0;0.0;0.0;0.0;0.0;0.0;0.0;0.0;0.0;0.0;0.0;0.0;0.0;0.0;0.0;0.0;0.0;0.0;0.0;0.0;0.0;0.0;0.0;0.0;
28.0;28.0;26.0;24.0;25.0;25.0;25.0;25.0;25.0;25.0;24.0;0.0;0.0;63.0;25.0;27.0;27.0;25.0;63.0;63.0;63.0;63.0;24.0;27.0;27.0;26.0;25.0;63.0;63.0;63.0;63.0;25.0;27.0;27.0;28.0;63.0;11.0;63.0;0.0;-54.0;25.0;27.0;63.0;27.0;63.0;63.0;63.0;63.0;25.0;27.0;63.0;29.0;0.0;-14.0;-16.0;0.0;0.0;0.0;0.0;0.0;0.0;0.0;0.0;0.0;0.0;0.0;0.0;0.0;0.0;0.0;0.0;0.0;0.0;0.0;0.0;0.0;0.0;0.0;0.0;0.0;0.0;0.0;0.0;0.0;0.0;0.0;0.0;0.0;0.0;0.0;0.0;0.0;0.0;0.0;0.0;0.0;0.0;0.0;0.0;0.0;
29.0;29.0;29.0;29.0;25.0;26.0;26.0;26.0;26.0;29.0;25.0;26.0;25.0;25.0;27.0;27.0;29.0;29.0;25.0;25.0;25.0;25.0;29.0;29.0;27.0;25.0;26.0;23.0;25.0;25.0;25.0;28.0;24.0;29.0;29.0;25.0;63.0;25.0;24.0;0.0;29.0;27.0;27.0;29.0;26.0;25.0;25.0;23.0;29.0;29.0;27.0;29.0;28.0;63.0;63.0;25.0;29.0;27.0;27.0;27.0;0.0;0.0;0.0;0.0;0.0;0.0;0.0;0.0;0.0;0.0;0.0;0.0;0.0;0.0;0.0;0.0;0.0;0.0;0.0;0.0;0.0;0.0;0.0;0.0;0.0;0.0;0.0;0.0;0.0;0.0;0.0;0.0;0.0;0.0;0.0;0.0;0.0;0.0;0.0;0.0;
23.0;23.0;23.0;23.0;23.0;23.0;23.0;23.0;23.0;23.0;23.0;23.0;23.0;29.0;23.0;23.0;26.0;25.0;26.0;29.0;29.0;29.0;25.0;23.0;23.0;23.0;23.0;28.0;29.0;29.0;29.0;23.0;23.0;26.0;25.0;25.0;23.0;29.0;23.0;29.0;23.0;23.0;28.0;25.0;25.0;26.0;29.0;27.0;25.0;26.0;25.0;25.0;29.0;23.0;23.0;29.0;29.0;29.0;29.0;29.0;0.0;0.0;0.0;0.0;0.0;0.0;0.0;0.0;0.0;0.0;0.0;0.0;0.0;0.0;0.0;0.0;0.0;0.0;0.0;0.0;0.0;0.0;0.0;0.0;0.0;0.0;0.0;0.0;0.0;0.0;0.0;0.0;0.0;0.0;0.0;0.0;0.0;0.0;0.0;0.0;
eryeryery
-16.0;-16.0;-16.0;-19.0;-25.0;-37.0;-35.0;-22.0;-4.0;3.0;3.0;-2.0;-19.0;-58.0;-43.0;-31.0;-26.0;-22.0;-20.0;-14.0;-7.0;-4.0;-13.0;-25.0;-27.0;-26.0;-30.0;-35.0;-32.0;-28.0;-24.0;-19.0;-17.0;-17.0;-14.0;-13.0;-12.0;-12.0;-18.0;-21.0;-23.0;-26.0;-28.0;-32.0;-29.0;-26.0;-23.0;-22.0;-20.0;-20.0;-17.0;-15.0;-14.0;-10.0;0.0;0.0;0.0;0.0;0.0;0.0;0.0;0.0;0.0;0.0;0.0;0.0;0.0;0.0;0.0;0.0;0.0;0.0;0.0;0.0;0.0;0.0;0.0;0.0;0.0;0.0;0.0;0.0;0.0;0.0;0.0;0.0;0.0;0.0;0.0;0.0;0.0;0.0;0.0;0.0;0.0;0.0;0.0;0.0;0.0;0.0;
-15.0;-15.0;-15.0;-14.0;-15.0;-9.0;-14.0;-15.0;-7.0;3.0;6.0;1.0;-3.0;-20.0;-6.0;-5.0;-8.0;-5.0;-3.0;1.0;9.0;11.0;8.0;1.0;1.0;-1.0;-6.0;-9.0;-7.0;-7.0;-6.0;-2.0;1.0;2.0;6.0;10.0;11.0;10.0;5.0;1.0;-2.0;-5.0;-7.0;-8.0;-8.0;-7.0;-6.0;-5.0;-2.0;1.0;8.0;12.0;15.0;18.0;0.0;0.0;0.0;0.0;0.0;0.0;0.0;0.0;0.0;0.0;0.0;0.0;0.0;0.0;0.0;0.0;0.0;0.0;0.0;0.0;0.0;0.0;0.0;0.0;0.0;0.0;0.0;0.0;0.0;0.0;0.0;0.0;0.0;0.0;0.0;0.0;0.0;0.0;0.0;0.0;0.0;0.0;0.0;0.0;0.0;0.0;
20.0;19.0;20.0;26.0;36.0;46.0;35.0;10.0;-12.0;-17.0;-16.0;-2.0;33.0;54.0;49.0;35.0;23.0;17.0;8.0;1.0;2.0;3.0;12.0;14.0;21.0;24.0;28.0;36.0;30.0;28.0;26.0;22.0;19.0;16.0;12.0;7.0;3.0;9.0;13.0;20.0;21.0;27.0;30.0;37.0;33.0;32.0;26.0;20.0;18.0;12.0;7.0;4.0;1.0;1.0;0.0;0.0;0.0;0.0;0.0;0.0;0.0;0.0;0.0;0.0;0.0;0.0;0.0;0.0;0.0;0.0;0.0;0.0;0.0;0.0;0.0;0.0;0.0;0.0;0.0;0.0;0.0;0.0;0.0;0.0;0.0;0.0;0.0;0.0;0.0;0.0;0.0;0.0;0.0;0.0;0.0;0.0;0.0;0.0;0.0;0.0;
25.0;25.0;25.0;25.0;26.0;27.0;26.0;25.0;25.0;0.0;0.0;0.0;26.0;27.0;29.0;27.0;26.0;28.0;63.0;0.0;1.0;0.0;63.0;63.0;63.0;26.0;28.0;27.0;24.0;28.0;27.0;25.0;63.0;63.0;63.0;63.0;63.0;63.0;63.0;63.0;25.0;28.0;24.0;28.0;26.0;25.0;27.0;24.0;28.0;63.0;0.0;63.0;63.0;0.0;0.0;0.0;0.0;0.0;0.0;0.0;0.0;0.0;0.0;0.0;0.0;0.0;0.0;0.0;0.0;0.0;0.0;0.0;0.0;0.0;0.0;0.0;0.0;0.0;0.0;0.0;0.0;0.0;0.0;0.0;0.0;0.0;0.0;0.0;0.0;0.0;0.0;0.0;0.0;0.0;0.0;0.0;0.0;0.0;0.0;0.0;
27.0;27.0;27.0;26.0;27.0;29.0;26.0;27.0;23.0;28.0;27.0;25.0;29.0;24.0;29.0;29.0;29.0;29.0;29.0;25.0;63.0;26.0;25.0;25.0;25.0;29.0;29.0;29.0;29.0;29.0;29.0;29.0;25.0;25.0;25.0;29.0;29.0;29.0;25.0;25.0;29.0;29.0;29.0;29.0;29.0;29.0;29.0;29.0;29.0;25.0;28.0;29.0;29.0;0.0;0.0;0.0;0.0;0.0;0.0;0.0;0.0;0.0;0.0;0.0;0.0;0.0;0.0;0.0;0.0;0.0;0.0;0.0;0.0;0.0;0.0;0.0;0.0;0.0;0.0;0.0;0.0;0.0;0.0;0.0;0.0;0.0;0.0;0.0;0.0;0.0;0.0;0.0;0.0;0.0;0.0;0.0;0.0;0.0;0.0;0.0;
23.0;23.0;23.0;23.0;23.0;23.0;23.0;23.0;28.0;23.0;23.0;29.0;23.0;23.0;23.0;23.0;23.0;23.0;23.0;25.0;29.0;25.0;28.0;25.0;25.0;23.0;23.0;23.0;23.0;23.0;23.0;23.0;25.0;25.0;27.0;25.0;25.0;25.0;27.0;25.0;23.0;23.0;23.0;23.0;23.0;23.0;23.0;23.0;23.0;25.0;28.0;25.0;25.0;0.0;0.0;0.0;0.0;0.0;0.0;0.0;0.0;0.0;0.0;0.0;0.0;0.0;0.0;0.0;0.0;0.0;0.0;0.0;0.0;0.0;0.0;0.0;0.0;0.0;0.0;0.0;0.0;0.0;0.0;0.0;0.0;0.0;0.0;0.0;0.0;0.0;0.0;0.0;0.0;0.0;0.0;0.0;0.0;0.0;0.0;0.0;
